# BEGIN PLOT
XTwosidedTicks=1
YTwosidedTicks=1
Title=Dijet selection, soft-dropped
RatioPlotReference=/ATLAS_2019_I1724098/d24-x01-y01
RatioPlot=1
LogY=0
LegendOnly=/ATLAS_2019_I1724098/d24-x01-y01 //Users/jenniferroloff/Work/tuningStudies/SoftDropMassInclPt_tune.yoda/ATLAS_2019_I1724098/d24-x01-y01 //Users/jenniferroloff/Work/tuningStudies/SoftDropObservablesCalo_tune.yoda/ATLAS_2019_I1724098/d24-x01-y01 //Users/jenniferroloff/Work/tuningStudies/JSSSoftDrop_tune.yoda/ATLAS_2019_I1724098/d24-x01-y01 //Users/jenniferroloff/Work/tuningStudies/ATLAS_tune.yoda/ATLAS_2019_I1724098/d24-x01-y01 //Users/jenniferroloff/Work/tuningStudies/Lund_Plane_tune.yoda/ATLAS_2019_I1724098/d24-x01-y01
XLabel=$C_2$
LegendAlign=r
YLabel=$\dfrac{1}{\sigma} \; \dfrac{\text{d}\sigma}{\text{d} C_2}$
DrawOnly=/ATLAS_2019_I1724098/d24-x01-y01 //Users/jenniferroloff/Work/tuningStudies/SoftDropMassInclPt_tune.yoda/ATLAS_2019_I1724098/d24-x01-y01 //Users/jenniferroloff/Work/tuningStudies/SoftDropObservablesCalo_tune.yoda/ATLAS_2019_I1724098/d24-x01-y01 //Users/jenniferroloff/Work/tuningStudies/JSSSoftDrop_tune.yoda/ATLAS_2019_I1724098/d24-x01-y01 //Users/jenniferroloff/Work/tuningStudies/ATLAS_tune.yoda/ATLAS_2019_I1724098/d24-x01-y01 //Users/jenniferroloff/Work/tuningStudies/Lund_Plane_tune.yoda/ATLAS_2019_I1724098/d24-x01-y01
Legend=1
LeftMargin=1.8
# END PLOT

# BEGIN HISTO1D /ATLAS_2019_I1724098/d24-x01-y01
ConnectBins=0
ErrorBars=1
IsRef=1
Path=/ATLAS_2019_I1724098/d24-x01-y01
PolyMarker=*
Title=Data
# xlow	 xhigh	 val	 errminus	 errplus
0.000000e+00	1.400000e-01	2.166852e+00	2.918021e-01	2.827364e-01
1.400000e-01	2.200000e-01	2.559383e+00	3.744638e-01	3.174224e-01
2.200000e-01	2.800000e-01	2.052954e+00	2.139472e-01	2.072514e-01
2.800000e-01	3.400000e-01	1.714228e+00	1.189267e-01	1.368269e-01
3.400000e-01	3.800000e-01	1.409186e+00	6.572977e-02	1.252080e-01
3.800000e-01	4.200000e-01	1.188237e+00	4.550726e-02	1.321466e-01
4.200000e-01	4.600000e-01	9.629744e-01	3.175715e-02	1.037802e-01
4.600000e-01	5.000000e-01	7.914376e-01	2.724639e-02	8.696157e-02
5.000000e-01	5.400000e-01	6.578627e-01	1.836971e-02	1.075981e-01
5.400000e-01	5.800000e-01	5.211551e-01	1.603322e-02	7.994809e-02
5.800000e-01	6.200000e-01	3.909879e-01	2.063734e-02	4.138998e-02
6.200000e-01	6.600000e-01	3.053029e-01	1.196763e-02	5.317581e-02
6.600000e-01	7.000000e-01	2.185178e-01	1.481342e-02	4.488634e-02
7.000000e-01	7.400000e-01	1.253661e-01	1.891907e-02	2.727547e-02
7.400000e-01	1.000000e+00	1.160802e-02	2.384326e-03	2.604919e-03
# END HISTO1D


# BEGIN HISTO1D //Users/jenniferroloff/Work/tuningStudies/SoftDropMassInclPt_tune.yoda/ATLAS_2019_I1724098/d24-x01-y01
LineColor=red
LineStyle=solid
Path=//Users/jenniferroloff/Work/tuningStudies/SoftDropMassInclPt_tune.yoda/ATLAS_2019_I1724098/d24-x01-y01
ScaledBy=4.27902677814957794e-06
Title=SD Mass
# xlow	 xhigh	 val	 errminus	 errplus
0.000000e+00	1.400000e-01	2.172737e+00	8.149145e-03	8.149145e-03
1.400000e-01	2.200000e-01	2.760186e+00	1.215057e-02	1.215057e-02
2.200000e-01	2.800000e-01	2.128530e+00	1.232074e-02	1.232074e-02
2.800000e-01	3.400000e-01	1.711183e+00	1.104702e-02	1.104702e-02
3.400000e-01	3.800000e-01	1.373461e+00	1.212134e-02	1.212134e-02
3.800000e-01	4.200000e-01	1.118859e+00	1.094032e-02	1.094032e-02
4.200000e-01	4.600000e-01	9.108977e-01	9.871366e-03	9.871366e-03
4.600000e-01	5.000000e-01	7.304298e-01	8.839584e-03	8.839584e-03
5.000000e-01	5.400000e-01	5.651525e-01	7.775446e-03	7.775446e-03
5.400000e-01	5.800000e-01	4.529350e-01	6.960821e-03	6.960821e-03
5.800000e-01	6.200000e-01	3.647870e-01	6.246866e-03	6.246866e-03
6.200000e-01	6.600000e-01	2.667972e-01	5.342361e-03	5.342361e-03
6.600000e-01	7.000000e-01	1.773657e-01	4.355894e-03	4.355894e-03
7.000000e-01	7.400000e-01	1.019478e-01	3.302414e-03	3.302414e-03
7.400000e-01	1.000000e+00	8.130150e-03	3.657928e-04	3.657928e-04
# END HISTO1D


# BEGIN HISTO1D //Users/jenniferroloff/Work/tuningStudies/SoftDropObservablesCalo_tune.yoda/ATLAS_2019_I1724098/d24-x01-y01
LineColor=blue
LineStyle=solid
Path=//Users/jenniferroloff/Work/tuningStudies/SoftDropObservablesCalo_tune.yoda/ATLAS_2019_I1724098/d24-x01-y01
ScaledBy=4.15845372056854367e-06
Title=SD Obs
# xlow	 xhigh	 val	 errminus	 errplus
0.000000e+00	1.400000e-01	2.013969e+00	7.734428e-03	7.734428e-03
1.400000e-01	2.200000e-01	2.710220e+00	1.186925e-02	1.186925e-02
2.200000e-01	2.800000e-01	2.170575e+00	1.226528e-02	1.226528e-02
2.800000e-01	3.400000e-01	1.790562e+00	1.113999e-02	1.113999e-02
3.400000e-01	3.800000e-01	1.428949e+00	1.218833e-02	1.218833e-02
3.800000e-01	4.200000e-01	1.183912e+00	1.109419e-02	1.109419e-02
4.200000e-01	4.600000e-01	9.733900e-01	1.005957e-02	1.005957e-02
4.600000e-01	5.000000e-01	7.883388e-01	9.052997e-03	9.052997e-03
5.000000e-01	5.400000e-01	6.312532e-01	8.100984e-03	8.100984e-03
5.400000e-01	5.800000e-01	5.077473e-01	7.265403e-03	7.265403e-03
5.800000e-01	6.200000e-01	3.925580e-01	6.388338e-03	6.388338e-03
6.200000e-01	6.600000e-01	2.923392e-01	5.512893e-03	5.512893e-03
6.600000e-01	7.000000e-01	2.002296e-01	4.562470e-03	4.562470e-03
7.000000e-01	7.400000e-01	1.219466e-01	3.560581e-03	3.560581e-03
7.400000e-01	1.000000e+00	1.050809e-02	4.099598e-04	4.099598e-04
# END HISTO1D


# BEGIN HISTO1D //Users/jenniferroloff/Work/tuningStudies/JSSSoftDrop_tune.yoda/ATLAS_2019_I1724098/d24-x01-y01
LineColor=green
LineStyle=solid
Path=//Users/jenniferroloff/Work/tuningStudies/JSSSoftDrop_tune.yoda/ATLAS_2019_I1724098/d24-x01-y01
ScaledBy=4.27900846815775887e-06
Title=JSS Obs
# xlow	 xhigh	 val	 errminus	 errplus
0.000000e+00	1.400000e-01	2.132352e+00	8.073037e-03	8.073037e-03
1.400000e-01	2.200000e-01	2.763758e+00	1.215840e-02	1.215840e-02
2.200000e-01	2.800000e-01	2.169457e+00	1.243860e-02	1.243860e-02
2.800000e-01	3.400000e-01	1.729077e+00	1.110460e-02	1.110460e-02
3.400000e-01	3.800000e-01	1.376985e+00	1.213686e-02	1.213686e-02
3.800000e-01	4.200000e-01	1.122491e+00	1.095804e-02	1.095804e-02
4.200000e-01	4.600000e-01	9.445910e-01	1.005225e-02	1.005225e-02
4.600000e-01	5.000000e-01	7.328873e-01	8.854420e-03	8.854420e-03
5.000000e-01	5.400000e-01	5.838707e-01	7.903145e-03	7.903145e-03
5.400000e-01	5.800000e-01	4.607423e-01	7.020541e-03	7.020541e-03
5.800000e-01	6.200000e-01	3.522692e-01	6.138737e-03	6.138737e-03
6.200000e-01	6.600000e-01	2.527825e-01	5.200140e-03	5.200140e-03
6.600000e-01	7.000000e-01	1.679511e-01	4.238703e-03	4.238703e-03
7.000000e-01	7.400000e-01	1.051566e-01	3.353975e-03	3.353975e-03
7.400000e-01	1.000000e+00	9.496108e-03	3.953281e-04	3.953281e-04
# END HISTO1D


# BEGIN HISTO1D //Users/jenniferroloff/Work/tuningStudies/ATLAS_tune.yoda/ATLAS_2019_I1724098/d24-x01-y01
LineColor=orange
LineStyle=solid
Path=//Users/jenniferroloff/Work/tuningStudies/ATLAS_tune.yoda/ATLAS_2019_I1724098/d24-x01-y01
ScaledBy=4.27867891509817458e-06
Title=ATLAS
# xlow	 xhigh	 val	 errminus	 errplus
0.000000e+00	1.400000e-01	2.308897e+00	8.400267e-03	8.400267e-03
1.400000e-01	2.200000e-01	2.718031e+00	1.205694e-02	1.205694e-02
2.200000e-01	2.800000e-01	2.074803e+00	1.216375e-02	1.216375e-02
2.800000e-01	3.400000e-01	1.663051e+00	1.089010e-02	1.089010e-02
3.400000e-01	3.800000e-01	1.325642e+00	1.190798e-02	1.190798e-02
3.800000e-01	4.200000e-01	1.071809e+00	1.070739e-02	1.070739e-02
4.200000e-01	4.600000e-01	8.837612e-01	9.722821e-03	9.722821e-03
4.600000e-01	5.000000e-01	7.021313e-01	8.666307e-03	8.666307e-03
5.000000e-01	5.400000e-01	5.572980e-01	7.720912e-03	7.720912e-03
5.400000e-01	5.800000e-01	4.351418e-01	6.822447e-03	6.822447e-03
5.800000e-01	6.200000e-01	3.310627e-01	5.950864e-03	5.950864e-03
6.200000e-01	6.600000e-01	2.526560e-01	5.198639e-03	5.198639e-03
6.600000e-01	7.000000e-01	1.706123e-01	4.271988e-03	4.271988e-03
7.000000e-01	7.400000e-01	9.327520e-02	3.158697e-03	3.158697e-03
7.400000e-01	1.000000e+00	8.096577e-03	3.650219e-04	3.650219e-04
# END HISTO1D


# BEGIN HISTO1D //Users/jenniferroloff/Work/tuningStudies/Lund_Plane_tune.yoda/ATLAS_2019_I1724098/d24-x01-y01
LineColor=lilac
LineStyle=solid
Path=//Users/jenniferroloff/Work/tuningStudies/Lund_Plane_tune.yoda/ATLAS_2019_I1724098/d24-x01-y01
ScaledBy=4.25542779815654883e-06
Title=Lund
# xlow	 xhigh	 val	 errminus	 errplus
0.000000e+00	1.400000e-01	2.136529e+00	8.058643e-03	8.058643e-03
1.400000e-01	2.200000e-01	2.736719e+00	1.206540e-02	1.206540e-02
2.200000e-01	2.800000e-01	2.136012e+00	1.230829e-02	1.230829e-02
2.800000e-01	3.400000e-01	1.743520e+00	1.112012e-02	1.112012e-02
3.400000e-01	3.800000e-01	1.381738e+00	1.212424e-02	1.212424e-02
3.800000e-01	4.200000e-01	1.116837e+00	1.090025e-02	1.090025e-02
4.200000e-01	4.600000e-01	9.321515e-01	9.958291e-03	9.958291e-03
4.600000e-01	5.000000e-01	7.391678e-01	8.867744e-03	8.867744e-03
5.000000e-01	5.400000e-01	6.008665e-01	7.995221e-03	7.995221e-03
5.400000e-01	5.800000e-01	4.739483e-01	7.100797e-03	7.100797e-03
5.800000e-01	6.200000e-01	3.623497e-01	6.208770e-03	6.208770e-03
6.200000e-01	6.600000e-01	2.738367e-01	5.397436e-03	5.397436e-03
6.600000e-01	7.000000e-01	1.858558e-01	4.446617e-03	4.446617e-03
7.000000e-01	7.400000e-01	1.051091e-01	3.343965e-03	3.343965e-03
7.400000e-01	1.000000e+00	8.854562e-03	3.806874e-04	3.806874e-04
# END HISTO1D

