# BEGIN PLOT
XTwosidedTicks=1
YTwosidedTicks=1
Title=Dijet selection, soft-dropped
RatioPlotReference=/ATLAS_2019_I1724098/d27-x01-y01
RatioPlot=1
LogY=1
LegendOnly=/ATLAS_2019_I1724098/d27-x01-y01 //Users/jenniferroloff/Work/tuningStudies/SoftDropMassInclPt_tune.yoda/ATLAS_2019_I1724098/d27-x01-y01 //Users/jenniferroloff/Work/tuningStudies/SoftDropObservablesCalo_tune.yoda/ATLAS_2019_I1724098/d27-x01-y01 //Users/jenniferroloff/Work/tuningStudies/JSSSoftDrop_tune.yoda/ATLAS_2019_I1724098/d27-x01-y01 //Users/jenniferroloff/Work/tuningStudies/ATLAS_tune.yoda/ATLAS_2019_I1724098/d27-x01-y01 //Users/jenniferroloff/Work/tuningStudies/Lund_Plane_tune.yoda/ATLAS_2019_I1724098/d27-x01-y01
XLabel=ECF2$^\text{norm}$
LegendAlign=r
YLabel=$\dfrac{1}{\sigma} \; \dfrac{\text{d}\sigma}{\text{d ECF2}^\text{norm}}$
DrawOnly=/ATLAS_2019_I1724098/d27-x01-y01 //Users/jenniferroloff/Work/tuningStudies/SoftDropMassInclPt_tune.yoda/ATLAS_2019_I1724098/d27-x01-y01 //Users/jenniferroloff/Work/tuningStudies/SoftDropObservablesCalo_tune.yoda/ATLAS_2019_I1724098/d27-x01-y01 //Users/jenniferroloff/Work/tuningStudies/JSSSoftDrop_tune.yoda/ATLAS_2019_I1724098/d27-x01-y01 //Users/jenniferroloff/Work/tuningStudies/ATLAS_tune.yoda/ATLAS_2019_I1724098/d27-x01-y01 //Users/jenniferroloff/Work/tuningStudies/Lund_Plane_tune.yoda/ATLAS_2019_I1724098/d27-x01-y01
Legend=1
LeftMargin=2.0
# END PLOT

# BEGIN HISTO1D /ATLAS_2019_I1724098/d27-x01-y01
ConnectBins=0
ErrorBars=1
IsRef=1
Path=/ATLAS_2019_I1724098/d27-x01-y01
PolyMarker=*
Title=Data
# xlow	 xhigh	 val	 errminus	 errplus
0.000000e+00	2.100000e-02	1.697742e+01	2.163256e+00	2.245711e+00
2.100000e-02	4.200000e-02	9.093898e+00	1.387476e+00	1.073602e+00
4.200000e-02	6.300000e-02	5.573666e+00	5.546900e-01	5.215518e-01
6.300000e-02	8.400000e-02	4.107136e+00	2.595660e-01	3.136064e-01
8.400000e-02	1.050000e-01	3.045779e+00	1.337634e-01	2.799783e-01
1.050000e-01	1.260000e-01	2.296981e+00	8.082197e-02	2.594588e-01
1.260000e-01	1.470000e-01	1.767020e+00	5.909006e-02	2.117507e-01
1.470000e-01	1.680000e-01	1.387508e+00	4.826584e-02	1.911821e-01
1.680000e-01	1.890000e-01	1.059199e+00	3.565090e-02	1.574997e-01
1.890000e-01	2.100000e-01	8.091543e-01	3.016931e-02	9.737633e-02
2.100000e-01	2.310000e-01	6.031577e-01	2.660846e-02	1.051118e-01
2.310000e-01	2.590000e-01	4.125951e-01	2.194556e-02	8.316844e-02
2.590000e-01	2.940000e-01	1.634826e-01	9.931355e-03	4.960171e-02
2.940000e-01	3.500000e-01	2.832363e-02	1.780594e-03	8.391786e-03
# END HISTO1D


# BEGIN HISTO1D //Users/jenniferroloff/Work/tuningStudies/SoftDropMassInclPt_tune.yoda/ATLAS_2019_I1724098/d27-x01-y01
LineColor=red
LineStyle=solid
Path=//Users/jenniferroloff/Work/tuningStudies/SoftDropMassInclPt_tune.yoda/ATLAS_2019_I1724098/d27-x01-y01
ScaledBy=4.27902677814957794e-06
Title=SD Mass
# xlow	 xhigh	 val	 errminus	 errplus
0.000000e+00	2.100000e-02	1.693007e+01	5.873436e-02	5.873436e-02
2.100000e-02	4.200000e-02	9.809362e+00	4.470780e-02	4.470780e-02
4.200000e-02	6.300000e-02	5.814181e+00	3.441970e-02	3.441970e-02
6.300000e-02	8.400000e-02	4.084025e+00	2.884742e-02	2.884742e-02
8.400000e-02	1.050000e-01	2.941933e+00	2.448382e-02	2.448382e-02
1.050000e-01	1.260000e-01	2.238339e+00	2.135629e-02	2.135629e-02
1.260000e-01	1.470000e-01	1.627660e+00	1.821146e-02	1.821146e-02
1.470000e-01	1.680000e-01	1.233582e+00	1.585430e-02	1.585430e-02
1.680000e-01	1.890000e-01	9.466838e-01	1.388882e-02	1.388882e-02
1.890000e-01	2.100000e-01	7.372152e-01	1.225632e-02	1.225632e-02
2.100000e-01	2.310000e-01	5.214300e-01	1.030768e-02	1.030768e-02
2.310000e-01	2.590000e-01	3.440032e-01	7.250613e-03	7.250613e-03
2.590000e-01	2.940000e-01	1.303269e-01	3.991678e-03	3.991678e-03
2.940000e-01	3.500000e-01	2.116589e-02	1.271736e-03	1.271736e-03
# END HISTO1D


# BEGIN HISTO1D //Users/jenniferroloff/Work/tuningStudies/SoftDropObservablesCalo_tune.yoda/ATLAS_2019_I1724098/d27-x01-y01
LineColor=blue
LineStyle=solid
Path=//Users/jenniferroloff/Work/tuningStudies/SoftDropObservablesCalo_tune.yoda/ATLAS_2019_I1724098/d27-x01-y01
ScaledBy=4.15845372056854367e-06
Title=SD Obs
# xlow	 xhigh	 val	 errminus	 errplus
0.000000e+00	2.100000e-02	1.575103e+01	5.584841e-02	5.584841e-02
2.100000e-02	4.200000e-02	9.658700e+00	4.373365e-02	4.373365e-02
4.200000e-02	6.300000e-02	5.963419e+00	3.436402e-02	3.436402e-02
6.300000e-02	8.400000e-02	4.306970e+00	2.920399e-02	2.920399e-02
8.400000e-02	1.050000e-01	3.073097e+00	2.466860e-02	2.466860e-02
1.050000e-01	1.260000e-01	2.393487e+00	2.177067e-02	2.177067e-02
1.260000e-01	1.470000e-01	1.760610e+00	1.867187e-02	1.867187e-02
1.470000e-01	1.680000e-01	1.384963e+00	1.656057e-02	1.656057e-02
1.680000e-01	1.890000e-01	1.057435e+00	1.447049e-02	1.447049e-02
1.890000e-01	2.100000e-01	8.023833e-01	1.260513e-02	1.260513e-02
2.100000e-01	2.310000e-01	6.039657e-01	1.093610e-02	1.093610e-02
2.310000e-01	2.590000e-01	3.901521e-01	7.612089e-03	7.612089e-03
2.590000e-01	2.940000e-01	1.615856e-01	4.381605e-03	4.381605e-03
2.940000e-01	3.500000e-01	2.613886e-02	1.393206e-03	1.393206e-03
# END HISTO1D


# BEGIN HISTO1D //Users/jenniferroloff/Work/tuningStudies/JSSSoftDrop_tune.yoda/ATLAS_2019_I1724098/d27-x01-y01
LineColor=green
LineStyle=solid
Path=//Users/jenniferroloff/Work/tuningStudies/JSSSoftDrop_tune.yoda/ATLAS_2019_I1724098/d27-x01-y01
ScaledBy=4.27900846815775887e-06
Title=JSS Obs
# xlow	 xhigh	 val	 errminus	 errplus
0.000000e+00	2.100000e-02	1.662313e+01	5.819938e-02	5.819938e-02
2.100000e-02	4.200000e-02	9.845590e+00	4.479018e-02	4.479018e-02
4.200000e-02	6.300000e-02	5.912571e+00	3.470964e-02	3.470964e-02
6.300000e-02	8.400000e-02	4.132096e+00	2.901664e-02	2.901664e-02
8.400000e-02	1.050000e-01	2.963927e+00	2.457512e-02	2.457512e-02
1.050000e-01	1.260000e-01	2.252796e+00	2.142510e-02	2.142510e-02
1.260000e-01	1.470000e-01	1.682669e+00	1.851660e-02	1.851660e-02
1.470000e-01	1.680000e-01	1.284721e+00	1.617955e-02	1.617955e-02
1.680000e-01	1.890000e-01	9.570714e-01	1.396478e-02	1.396478e-02
1.890000e-01	2.100000e-01	7.225410e-01	1.213370e-02	1.213370e-02
2.100000e-01	2.310000e-01	5.045152e-01	1.013909e-02	1.013909e-02
2.310000e-01	2.590000e-01	3.366663e-01	7.172860e-03	7.172860e-03
2.590000e-01	2.940000e-01	1.348499e-01	4.060344e-03	4.060344e-03
2.940000e-01	3.500000e-01	2.292327e-02	1.323475e-03	1.323475e-03
# END HISTO1D


# BEGIN HISTO1D //Users/jenniferroloff/Work/tuningStudies/ATLAS_tune.yoda/ATLAS_2019_I1724098/d27-x01-y01
LineColor=orange
LineStyle=solid
Path=//Users/jenniferroloff/Work/tuningStudies/ATLAS_tune.yoda/ATLAS_2019_I1724098/d27-x01-y01
ScaledBy=4.27867891509817458e-06
Title=ATLAS
# xlow	 xhigh	 val	 errminus	 errplus
0.000000e+00	2.100000e-02	1.787082e+01	6.034168e-02	6.034168e-02
2.100000e-02	4.200000e-02	9.597076e+00	4.421959e-02	4.421959e-02
4.200000e-02	6.300000e-02	5.684329e+00	3.403178e-02	3.403178e-02
6.300000e-02	8.400000e-02	3.966947e+00	2.842977e-02	2.842977e-02
8.400000e-02	1.050000e-01	2.840228e+00	2.405591e-02	2.405591e-02
1.050000e-01	1.260000e-01	2.145248e+00	2.090663e-02	2.090663e-02
1.260000e-01	1.470000e-01	1.569257e+00	1.788101e-02	1.788101e-02
1.470000e-01	1.680000e-01	1.194974e+00	1.560359e-02	1.560359e-02
1.680000e-01	1.890000e-01	8.989300e-01	1.353344e-02	1.353344e-02
1.890000e-01	2.100000e-01	6.780686e-01	1.175390e-02	1.175390e-02
2.100000e-01	2.310000e-01	5.032543e-01	1.012602e-02	1.012602e-02
2.310000e-01	2.590000e-01	3.108155e-01	6.891713e-03	6.891713e-03
2.590000e-01	2.940000e-01	1.211477e-01	3.848385e-03	3.848385e-03
2.940000e-01	3.500000e-01	1.986530e-02	1.231993e-03	1.231993e-03
# END HISTO1D


# BEGIN HISTO1D //Users/jenniferroloff/Work/tuningStudies/Lund_Plane_tune.yoda/ATLAS_2019_I1724098/d27-x01-y01
LineColor=lilac
LineStyle=solid
Path=//Users/jenniferroloff/Work/tuningStudies/Lund_Plane_tune.yoda/ATLAS_2019_I1724098/d27-x01-y01
ScaledBy=4.25542779815654883e-06
Title=Lund
# xlow	 xhigh	 val	 errminus	 errplus
0.000000e+00	2.100000e-02	1.666304e+01	5.810843e-02	5.810843e-02
2.100000e-02	4.200000e-02	9.679881e+00	4.428912e-02	4.428912e-02
4.200000e-02	6.300000e-02	5.893162e+00	3.455700e-02	3.455700e-02
6.300000e-02	8.400000e-02	4.150866e+00	2.900222e-02	2.900222e-02
8.400000e-02	1.050000e-01	2.998253e+00	2.464882e-02	2.464882e-02
1.050000e-01	1.260000e-01	2.229236e+00	2.125397e-02	2.125397e-02
1.260000e-01	1.470000e-01	1.683934e+00	1.847245e-02	1.847245e-02
1.470000e-01	1.680000e-01	1.291826e+00	1.617946e-02	1.617946e-02
1.680000e-01	1.890000e-01	9.844224e-01	1.412384e-02	1.412384e-02
1.890000e-01	2.100000e-01	7.242333e-01	1.211438e-02	1.211438e-02
2.100000e-01	2.310000e-01	5.560424e-01	1.061490e-02	1.061490e-02
2.310000e-01	2.590000e-01	3.559361e-01	7.354932e-03	7.354932e-03
2.590000e-01	2.940000e-01	1.353226e-01	4.056231e-03	4.056231e-03
2.940000e-01	3.500000e-01	2.310089e-02	1.324927e-03	1.324927e-03
# END HISTO1D

