# BEGIN PLOT
LegendOnly=/SoftDropMass/d05-x01-y01 //Users/jenniferroloff/Work/tuningStudies/SoftDropObservablesCalo_tune.yoda/SoftDropMass/d05-x01-y01 //Users/jenniferroloff/Work/tuningStudies/SoftDropObservablesTrack_tune.yoda/SoftDropMass/d05-x01-y01
DrawOnly=/SoftDropMass/d05-x01-y01 //Users/jenniferroloff/Work/tuningStudies/SoftDropObservablesCalo_tune.yoda/SoftDropMass/d05-x01-y01 //Users/jenniferroloff/Work/tuningStudies/SoftDropObservablesTrack_tune.yoda/SoftDropMass/d05-x01-y01
RatioPlotReference=/SoftDropMass/d05-x01-y01
RatioPlot=1
LogY=1
Legend=1
# END PLOT

# BEGIN HISTO1D /SoftDropMass/d05-x01-y01
ConnectBins=0
ErrorBars=1
IsRef=1
Path=/SoftDropMass/d05-x01-y01
PolyMarker=*
Title=Data
# xlow	 xhigh	 val	 errminus	 errplus
0.000000e+00	1.000000e+00	1.332430e-02	1.082343e-03	1.082343e-03
1.000000e+00	2.000000e+00	6.560880e-02	6.410478e-03	6.410478e-03
2.000000e+00	3.000000e+00	1.524230e-01	1.799011e-02	1.799011e-02
3.000000e+00	4.000000e+00	2.141410e-01	1.042807e-02	1.042807e-02
4.000000e+00	5.000000e+00	2.392370e-01	6.346776e-03	6.346776e-03
5.000000e+00	6.000000e+00	2.360980e-01	1.160758e-02	1.160758e-02
6.000000e+00	7.000000e+00	2.482770e-01	9.149610e-03	9.149610e-03
7.000000e+00	8.000000e+00	2.763880e-01	1.556635e-02	1.556635e-02
8.000000e+00	9.000000e+00	2.358310e-01	1.654809e-02	1.654809e-02
9.000000e+00	1.000000e+01	5.619680e-02	4.926852e-03	4.926852e-03
1.000000e+01	1.100000e+01	1.719550e-02	1.391948e-03	1.391948e-03
1.100000e+01	1.200000e+01	7.707750e-02	9.845454e-03	9.845454e-03
1.200000e+01	1.300000e+01	1.671330e-01	2.095693e-02	2.095693e-02
1.300000e+01	1.400000e+01	2.258270e-01	1.082111e-02	1.082111e-02
1.400000e+01	1.500000e+01	2.438770e-01	7.250471e-03	7.250471e-03
1.500000e+01	1.600000e+01	2.366430e-01	1.280277e-02	1.280277e-02
1.600000e+01	1.700000e+01	2.504020e-01	7.720426e-03	7.720426e-03
1.700000e+01	1.800000e+01	2.690780e-01	8.803562e-03	8.803562e-03
1.800000e+01	1.900000e+01	2.459850e-01	1.043686e-02	1.043686e-02
1.900000e+01	2.000000e+01	5.336970e-02	3.421227e-03	3.421227e-03
2.000000e+01	2.100000e+01	2.108640e-02	2.027237e-03	2.027237e-03
2.100000e+01	2.200000e+01	8.756740e-02	1.204287e-02	1.204287e-02
2.200000e+01	2.300000e+01	1.744510e-01	1.998027e-02	1.998027e-02
2.300000e+01	2.400000e+01	2.312150e-01	1.125538e-02	1.125538e-02
2.400000e+01	2.500000e+01	2.437300e-01	5.524824e-03	5.524824e-03
2.500000e+01	2.600000e+01	2.363330e-01	1.178652e-02	1.178652e-02
2.600000e+01	2.700000e+01	2.557080e-01	8.694021e-03	8.694021e-03
2.700000e+01	2.800000e+01	2.642290e-01	7.852521e-03	7.852521e-03
2.800000e+01	2.900000e+01	2.229940e-01	1.140482e-02	1.140482e-02
2.900000e+01	3.000000e+01	5.467390e-02	4.696919e-03	4.696919e-03
3.000000e+01	3.100000e+01	2.648950e-02	3.653119e-03	3.653119e-03
3.100000e+01	3.200000e+01	1.004820e-01	1.487910e-02	1.487910e-02
3.200000e+01	3.300000e+01	1.839550e-01	1.981743e-02	1.981743e-02
3.300000e+01	3.400000e+01	2.315410e-01	9.390536e-03	9.390536e-03
3.400000e+01	3.500000e+01	2.420520e-01	7.223536e-03	7.223536e-03
3.500000e+01	3.600000e+01	2.373880e-01	1.130859e-02	1.130859e-02
3.600000e+01	3.700000e+01	2.551670e-01	5.783196e-03	5.783196e-03
3.700000e+01	3.800000e+01	2.653930e-01	5.738017e-03	5.738017e-03
3.800000e+01	3.900000e+01	2.222130e-01	1.005575e-02	1.005575e-02
3.900000e+01	4.000000e+01	5.386070e-02	4.080493e-03	4.080493e-03
4.000000e+01	4.100000e+01	3.163090e-02	4.628186e-03	4.628186e-03
4.100000e+01	4.200000e+01	1.159020e-01	1.866044e-02	1.866044e-02
4.200000e+01	4.300000e+01	1.969620e-01	2.133292e-02	2.133292e-02
4.300000e+01	4.400000e+01	2.352010e-01	7.362277e-03	7.362277e-03
4.400000e+01	4.500000e+01	2.400480e-01	7.615637e-03	7.615637e-03
4.500000e+01	4.600000e+01	2.349390e-01	1.001646e-02	1.001646e-02
4.600000e+01	4.700000e+01	2.576570e-01	7.753977e-03	7.753977e-03
4.700000e+01	4.800000e+01	2.673550e-01	9.197959e-03	9.197959e-03
4.800000e+01	4.900000e+01	2.430290e-01	1.175424e-02	1.175424e-02
4.900000e+01	5.000000e+01	5.613930e-02	4.186536e-03	4.186536e-03
5.000000e+01	5.100000e+01	3.866460e-02	6.980523e-03	6.980523e-03
5.100000e+01	5.200000e+01	1.264900e-01	2.240444e-02	2.240444e-02
5.200000e+01	5.300000e+01	2.071130e-01	2.350288e-02	2.350288e-02
5.300000e+01	5.400000e+01	2.478420e-01	8.560312e-03	8.560312e-03
5.400000e+01	5.500000e+01	2.499840e-01	8.094014e-03	8.094014e-03
5.500000e+01	5.600000e+01	2.368260e-01	1.062543e-02	1.062543e-02
5.600000e+01	5.700000e+01	2.522370e-01	9.465709e-03	9.465709e-03
5.700000e+01	5.800000e+01	2.609540e-01	1.108028e-02	1.108028e-02
5.800000e+01	5.900000e+01	2.172150e-01	1.086294e-02	1.086294e-02
5.900000e+01	6.000000e+01	5.609140e-02	4.178933e-03	4.178933e-03
6.000000e+01	6.100000e+01	4.109000e-02	7.908584e-03	7.908584e-03
6.100000e+01	6.200000e+01	1.286440e-01	2.273153e-02	2.273153e-02
6.200000e+01	6.300000e+01	2.042920e-01	2.218236e-02	2.218236e-02
6.300000e+01	6.400000e+01	2.429720e-01	6.782044e-03	6.782044e-03
6.400000e+01	6.500000e+01	2.511420e-01	8.930986e-03	8.930986e-03
6.500000e+01	6.600000e+01	2.383200e-01	1.013903e-02	1.013903e-02
6.600000e+01	6.700000e+01	2.364140e-01	7.727392e-03	7.727392e-03
6.700000e+01	6.800000e+01	2.741240e-01	1.326879e-02	1.326879e-02
6.800000e+01	6.900000e+01	1.936070e-01	1.159585e-02	1.159585e-02
6.900000e+01	7.000000e+01	5.864830e-02	4.798920e-03	4.798920e-03
7.000000e+01	7.100000e+01	4.781610e-02	9.169574e-03	9.169574e-03
7.100000e+01	7.200000e+01	1.402280e-01	2.385306e-02	2.385306e-02
7.200000e+01	7.300000e+01	2.123670e-01	2.124472e-02	2.124472e-02
7.300000e+01	7.400000e+01	2.453480e-01	7.619797e-03	7.619797e-03
7.400000e+01	7.500000e+01	2.582530e-01	9.086262e-03	9.086262e-03
7.500000e+01	7.600000e+01	2.570850e-01	1.027476e-02	1.027476e-02
7.600000e+01	7.700000e+01	2.270670e-01	7.368156e-03	7.368156e-03
7.700000e+01	7.800000e+01	2.575950e-01	1.244404e-02	1.244404e-02
7.800000e+01	7.900000e+01	2.065150e-01	1.286779e-02	1.286779e-02
7.900000e+01	8.000000e+01	5.629180e-02	4.873678e-03	4.873678e-03
8.000000e+01	8.100000e+01	7.819490e-02	1.703426e-02	1.703426e-02
8.100000e+01	8.200000e+01	1.756190e-01	2.984496e-02	2.984496e-02
8.200000e+01	8.300000e+01	2.269410e-01	1.890821e-02	1.890821e-02
8.300000e+01	8.400000e+01	2.476700e-01	5.073926e-03	5.073926e-03
8.400000e+01	8.500000e+01	2.556090e-01	7.946348e-03	7.946348e-03
8.500000e+01	8.600000e+01	2.565730e-01	6.947399e-03	6.947399e-03
8.600000e+01	8.700000e+01	2.372480e-01	6.600676e-03	6.600676e-03
8.700000e+01	8.800000e+01	2.505700e-01	9.754280e-03	9.754280e-03
8.800000e+01	8.900000e+01	2.098050e-01	1.025964e-02	1.025964e-02
8.900000e+01	9.000000e+01	3.839030e-02	2.561906e-03	2.561906e-03
# END HISTO1D


# BEGIN HISTO1D //Users/jenniferroloff/Work/tuningStudies/SoftDropObservablesCalo_tune.yoda/SoftDropMass/d05-x01-y01
LineColor=red
LineStyle=solid
Path=//Users/jenniferroloff/Work/tuningStudies/SoftDropObservablesCalo_tune.yoda/SoftDropMass/d05-x01-y01
Title=SD Obs. Calo
# xlow	 xhigh	 val	 errminus	 errplus
0.000000e+00	1.000000e+00	8.870491e-03	1.619523e-03	1.619523e-03
1.000000e+00	2.000000e+00	5.351863e-02	3.978008e-03	3.978008e-03
2.000000e+00	3.000000e+00	1.463631e-01	6.578532e-03	6.578532e-03
3.000000e+00	4.000000e+00	1.910112e-01	7.515237e-03	7.515237e-03
4.000000e+00	5.000000e+00	2.170313e-01	8.010773e-03	8.010773e-03
5.000000e+00	6.000000e+00	2.463040e-01	8.533926e-03	8.533926e-03
6.000000e+00	7.000000e+00	2.489651e-01	8.579904e-03	8.579904e-03
7.000000e+00	8.000000e+00	2.876996e-01	9.223225e-03	9.223225e-03
8.000000e+00	9.000000e+00	2.575399e-01	8.726407e-03	8.726407e-03
9.000000e+00	1.000000e+01	6.741573e-02	4.464716e-03	4.464716e-03
1.000000e+01	1.100000e+01	1.131734e-02	2.263468e-03	2.263468e-03
1.100000e+01	1.200000e+01	6.609325e-02	5.469917e-03	5.469917e-03
1.200000e+01	1.300000e+01	1.521050e-01	8.298009e-03	8.298009e-03
1.300000e+01	1.400000e+01	2.118606e-01	9.793258e-03	9.793258e-03
1.400000e+01	1.500000e+01	2.449072e-01	1.052938e-02	1.052938e-02
1.500000e+01	1.600000e+01	2.376641e-01	1.037251e-02	1.037251e-02
1.600000e+01	1.700000e+01	2.403803e-01	1.043162e-02	1.043162e-02
1.700000e+01	1.800000e+01	2.770484e-01	1.119902e-02	1.119902e-02
1.800000e+01	1.900000e+01	2.530557e-01	1.070312e-02	1.070312e-02
1.900000e+01	2.000000e+01	6.654595e-02	5.488617e-03	5.488617e-03
2.000000e+01	2.100000e+01	1.530967e-02	3.264033e-03	3.264033e-03
2.100000e+01	2.200000e+01	7.863605e-02	7.397457e-03	7.397457e-03
2.200000e+01	2.300000e+01	1.670146e-01	1.078075e-02	1.078075e-02
2.300000e+01	2.400000e+01	2.192067e-01	1.235090e-02	1.235090e-02
2.400000e+01	2.500000e+01	2.143354e-01	1.221289e-02	1.221289e-02
2.500000e+01	2.600000e+01	2.372999e-01	1.285051e-02	1.285051e-02
2.600000e+01	2.700000e+01	2.609603e-01	1.347593e-02	1.347593e-02
2.700000e+01	2.800000e+01	2.874043e-01	1.414224e-02	1.414224e-02
2.800000e+01	2.900000e+01	2.435630e-01	1.301899e-02	1.301899e-02
2.900000e+01	3.000000e+01	8.281141e-02	7.591310e-03	7.591310e-03
3.000000e+01	3.100000e+01	1.769912e-02	4.171721e-03	4.171721e-03
3.100000e+01	3.200000e+01	7.472960e-02	8.572073e-03	8.572073e-03
3.200000e+01	3.300000e+01	1.386431e-01	1.167585e-02	1.167585e-02
3.300000e+01	3.400000e+01	1.730580e-01	1.304474e-02	1.304474e-02
3.400000e+01	3.500000e+01	2.310718e-01	1.507346e-02	1.507346e-02
3.500000e+01	3.600000e+01	2.517207e-01	1.573255e-02	1.573255e-02
3.600000e+01	3.700000e+01	2.468043e-01	1.557815e-02	1.557815e-02
3.700000e+01	3.800000e+01	2.704031e-01	1.630592e-02	1.630592e-02
3.800000e+01	3.900000e+01	2.281219e-01	1.497694e-02	1.497694e-02
3.900000e+01	4.000000e+01	6.784661e-02	8.167772e-03	8.167772e-03
4.000000e+01	4.100000e+01	2.950311e-02	6.768477e-03	6.768477e-03
4.100000e+01	4.200000e+01	8.695652e-02	1.162006e-02	1.162006e-02
4.200000e+01	4.300000e+01	1.878882e-01	1.708075e-02	1.708075e-02
4.300000e+01	4.400000e+01	2.437888e-01	1.945647e-02	1.945647e-02
4.400000e+01	4.500000e+01	2.375776e-01	1.920701e-02	1.920701e-02
4.500000e+01	4.600000e+01	2.515528e-01	1.976385e-02	1.976385e-02
4.600000e+01	4.700000e+01	2.391304e-01	1.926968e-02	1.926968e-02
4.700000e+01	4.800000e+01	2.717391e-01	2.054155e-02	2.054155e-02
4.800000e+01	4.900000e+01	2.686335e-01	2.042383e-02	2.042383e-02
4.900000e+01	5.000000e+01	5.745342e-02	9.445283e-03	9.445283e-03
5.000000e+01	5.100000e+01	3.580563e-02	9.569456e-03	9.569456e-03
5.100000e+01	5.200000e+01	1.176471e-01	1.734611e-02	1.734611e-02
5.200000e+01	5.300000e+01	2.122762e-01	2.330034e-02	2.330034e-02
5.300000e+01	5.400000e+01	2.225064e-01	2.385519e-02	2.385519e-02
5.400000e+01	5.500000e+01	2.020460e-01	2.273196e-02	2.273196e-02
5.500000e+01	5.600000e+01	2.378517e-01	2.466407e-02	2.466407e-02
5.600000e+01	5.700000e+01	2.710997e-01	2.633153e-02	2.633153e-02
5.700000e+01	5.800000e+01	2.890026e-01	2.718707e-02	2.718707e-02
5.800000e+01	5.900000e+01	2.941176e-01	2.742661e-02	2.742661e-02
5.900000e+01	6.000000e+01	4.859335e-02	1.114808e-02	1.114808e-02
6.000000e+01	6.100000e+01	2.898551e-02	1.024793e-02	1.024793e-02
6.100000e+01	6.200000e+01	9.782609e-02	1.882664e-02	1.882664e-02
6.200000e+01	6.300000e+01	1.485507e-01	2.319973e-02	2.319973e-02
6.300000e+01	6.400000e+01	2.463768e-01	2.987758e-02	2.987758e-02
6.400000e+01	6.500000e+01	2.246377e-01	2.852901e-02	2.852901e-02
6.500000e+01	6.600000e+01	2.536232e-01	3.031377e-02	3.031377e-02
6.600000e+01	6.700000e+01	2.753623e-01	3.158622e-02	3.158622e-02
6.700000e+01	6.800000e+01	2.463768e-01	2.987758e-02	2.987758e-02
6.800000e+01	6.900000e+01	2.463768e-01	2.987758e-02	2.987758e-02
6.900000e+01	7.000000e+01	6.159420e-02	1.493879e-02	1.493879e-02
7.000000e+01	7.100000e+01	6.437768e-02	1.662225e-02	1.662225e-02
7.100000e+01	7.200000e+01	6.437768e-02	1.662225e-02	1.662225e-02
7.200000e+01	7.300000e+01	1.630901e-01	2.645671e-02	2.645671e-02
7.300000e+01	7.400000e+01	1.630901e-01	2.645671e-02	2.645671e-02
7.400000e+01	7.500000e+01	2.660944e-01	3.379402e-02	3.379402e-02
7.500000e+01	7.600000e+01	2.532189e-01	3.296629e-02	3.296629e-02
7.600000e+01	7.700000e+01	2.360515e-01	3.182918e-02	3.182918e-02
7.700000e+01	7.800000e+01	2.446352e-01	3.240272e-02	3.240272e-02
7.800000e+01	7.900000e+01	2.103004e-01	3.004292e-02	3.004292e-02
7.900000e+01	8.000000e+01	6.437768e-02	1.662225e-02	1.662225e-02
8.000000e+01	8.100000e+01	7.815631e-02	1.251503e-02	1.251503e-02
8.100000e+01	8.200000e+01	1.282565e-01	1.603206e-02	1.603206e-02
8.200000e+01	8.300000e+01	2.344689e-01	2.167666e-02	2.167666e-02
8.300000e+01	8.400000e+01	2.404810e-01	2.195281e-02	2.195281e-02
8.400000e+01	8.500000e+01	2.144289e-01	2.072962e-02	2.072962e-02
8.500000e+01	8.600000e+01	2.605210e-01	2.284921e-02	2.284921e-02
8.600000e+01	8.700000e+01	2.505010e-01	2.240549e-02	2.240549e-02
8.700000e+01	8.800000e+01	2.745491e-01	2.345631e-02	2.345631e-02
8.800000e+01	8.900000e+01	2.244489e-01	2.120843e-02	2.120843e-02
8.900000e+01	9.000000e+01	7.414830e-02	1.218991e-02	1.218991e-02
# END HISTO1D


# BEGIN HISTO1D //Users/jenniferroloff/Work/tuningStudies/SoftDropObservablesTrack_tune.yoda/SoftDropMass/d05-x01-y01
LineColor=blue
LineStyle=solid
Path=//Users/jenniferroloff/Work/tuningStudies/SoftDropObservablesTrack_tune.yoda/SoftDropMass/d05-x01-y01
Title=SD Obs. Track
# xlow	 xhigh	 val	 errminus	 errplus
0.000000e+00	1.000000e+00	8.127879e-03	1.483941e-03	1.483941e-03
1.000000e+00	2.000000e+00	4.524519e-02	3.501178e-03	3.501178e-03
2.000000e+00	3.000000e+00	1.238147e-01	5.791806e-03	5.791806e-03
3.000000e+00	4.000000e+00	1.826063e-01	7.033734e-03	7.033734e-03
4.000000e+00	5.000000e+00	2.248713e-01	7.805397e-03	7.805397e-03
5.000000e+00	6.000000e+00	2.552154e-01	8.315366e-03	8.315366e-03
6.000000e+00	7.000000e+00	2.511514e-01	8.248896e-03	8.248896e-03
7.000000e+00	8.000000e+00	2.687619e-01	8.533198e-03	8.533198e-03
8.000000e+00	9.000000e+00	2.679491e-01	8.520285e-03	8.520285e-03
9.000000e+00	1.000000e+01	7.477648e-02	4.501015e-03	4.501015e-03
1.000000e+01	1.100000e+01	1.354895e-02	2.433463e-03	2.433463e-03
1.100000e+01	1.200000e+01	5.856643e-02	5.059370e-03	5.059370e-03
1.200000e+01	1.300000e+01	1.263112e-01	7.430070e-03	7.430070e-03
1.300000e+01	1.400000e+01	1.673951e-01	8.553491e-03	8.553491e-03
1.400000e+01	1.500000e+01	2.102273e-01	9.585539e-03	9.585539e-03
1.500000e+01	1.600000e+01	2.609266e-01	1.067901e-02	1.067901e-02
1.600000e+01	1.700000e+01	2.447552e-01	1.034279e-02	1.034279e-02
1.700000e+01	1.800000e+01	2.840909e-01	1.114296e-02	1.114296e-02
1.800000e+01	1.900000e+01	2.434441e-01	1.031506e-02	1.031506e-02
1.900000e+01	2.000000e+01	7.124126e-02	5.580046e-03	5.580046e-03
2.000000e+01	2.100000e+01	1.700458e-02	3.334872e-03	3.334872e-03
2.100000e+01	2.200000e+01	6.998038e-02	6.765258e-03	6.765258e-03
2.200000e+01	2.300000e+01	1.366906e-01	9.455090e-03	9.455090e-03
2.300000e+01	2.400000e+01	2.099411e-01	1.171777e-02	1.171777e-02
2.400000e+01	2.500000e+01	2.289078e-01	1.223564e-02	1.223564e-02
2.500000e+01	2.600000e+01	2.459124e-01	1.268196e-02	1.268196e-02
2.600000e+01	2.700000e+01	2.583388e-01	1.299843e-02	1.299843e-02
2.700000e+01	2.800000e+01	2.668411e-01	1.321060e-02	1.321060e-02
2.800000e+01	2.900000e+01	2.596468e-01	1.303130e-02	1.303130e-02
2.900000e+01	3.000000e+01	6.605625e-02	6.572842e-03	6.572842e-03
3.000000e+01	3.100000e+01	1.946721e-02	4.466086e-03	4.466086e-03
3.100000e+01	3.200000e+01	8.913934e-02	9.556741e-03	9.556741e-03
3.200000e+01	3.300000e+01	1.495902e-01	1.238017e-02	1.238017e-02
3.300000e+01	3.400000e+01	1.977459e-01	1.423406e-02	1.423406e-02
3.400000e+01	3.500000e+01	2.223361e-01	1.509315e-02	1.509315e-02
3.500000e+01	3.600000e+01	2.510246e-01	1.603737e-02	1.603737e-02
3.600000e+01	3.700000e+01	2.510246e-01	1.603737e-02	1.603737e-02
3.700000e+01	3.800000e+01	2.756148e-01	1.680453e-02	1.680453e-02
3.800000e+01	3.900000e+01	2.448770e-01	1.583978e-02	1.583978e-02
3.900000e+01	4.000000e+01	6.147541e-02	7.936441e-03	7.936441e-03
4.000000e+01	4.100000e+01	1.592357e-02	5.035474e-03	5.035474e-03
4.100000e+01	4.200000e+01	8.598726e-02	1.170138e-02	1.170138e-02
4.200000e+01	4.300000e+01	1.544586e-01	1.568290e-02	1.568290e-02
4.300000e+01	4.400000e+01	2.308917e-01	1.917451e-02	1.917451e-02
4.400000e+01	4.500000e+01	2.245223e-01	1.890819e-02	1.890819e-02
4.500000e+01	4.600000e+01	2.484076e-01	1.988853e-02	1.988853e-02
4.600000e+01	4.700000e+01	2.627389e-01	2.045419e-02	2.045419e-02
4.700000e+01	4.800000e+01	2.643312e-01	2.051608e-02	2.051608e-02
4.800000e+01	4.900000e+01	2.356688e-01	1.937186e-02	1.937186e-02
4.900000e+01	5.000000e+01	7.802548e-02	1.114650e-02	1.114650e-02
5.000000e+01	5.100000e+01	1.609195e-02	6.082187e-03	6.082187e-03
5.100000e+01	5.200000e+01	8.505747e-02	1.398336e-02	1.398336e-02
5.200000e+01	5.300000e+01	1.747126e-01	2.004092e-02	2.004092e-02
5.300000e+01	5.400000e+01	2.206897e-01	2.252404e-02	2.252404e-02
5.400000e+01	5.500000e+01	2.620690e-01	2.454501e-02	2.454501e-02
5.500000e+01	5.600000e+01	2.298851e-01	2.298851e-02	2.298851e-02
5.600000e+01	5.700000e+01	2.643678e-01	2.465243e-02	2.465243e-02
5.700000e+01	5.800000e+01	2.436782e-01	2.366812e-02	2.366812e-02
5.800000e+01	5.900000e+01	2.804598e-01	2.539163e-02	2.539163e-02
5.900000e+01	6.000000e+01	6.666667e-02	1.237969e-02	1.237969e-02
6.000000e+01	6.100000e+01	3.773585e-02	1.193312e-02	1.193312e-02
6.100000e+01	6.200000e+01	1.547170e-01	2.416273e-02	2.416273e-02
6.200000e+01	6.300000e+01	2.000000e-01	2.747211e-02	2.747211e-02
6.300000e+01	6.400000e+01	2.150943e-01	2.848994e-02	2.848994e-02
6.400000e+01	6.500000e+01	2.339623e-01	2.971324e-02	2.971324e-02
6.500000e+01	6.600000e+01	2.566038e-01	3.111778e-02	3.111778e-02
6.600000e+01	6.700000e+01	2.566038e-01	3.111778e-02	3.111778e-02
6.700000e+01	6.800000e+01	2.528302e-01	3.088812e-02	3.088812e-02
6.800000e+01	6.900000e+01	1.773585e-01	2.587039e-02	2.587039e-02
6.900000e+01	7.000000e+01	1.094340e-01	2.032138e-02	2.032138e-02
7.000000e+01	7.100000e+01	3.286385e-02	1.242137e-02	1.242137e-02
7.100000e+01	7.200000e+01	1.361502e-01	2.528246e-02	2.528246e-02
7.200000e+01	7.300000e+01	1.596244e-01	2.737536e-02	2.737536e-02
7.300000e+01	7.400000e+01	1.737089e-01	2.855757e-02	2.855757e-02
7.400000e+01	7.500000e+01	2.253521e-01	3.252677e-02	3.252677e-02
7.500000e+01	7.600000e+01	2.816901e-01	3.636604e-02	3.636604e-02
7.600000e+01	7.700000e+01	2.394366e-01	3.352784e-02	3.352784e-02
7.700000e+01	7.800000e+01	2.535211e-01	3.449986e-02	3.449986e-02
7.800000e+01	7.900000e+01	2.488263e-01	3.417893e-02	3.417893e-02
7.900000e+01	8.000000e+01	2.816901e-02	1.149995e-02	1.149995e-02
8.000000e+01	8.100000e+01	6.545455e-02	1.090909e-02	1.090909e-02
8.100000e+01	8.200000e+01	1.327273e-01	1.553455e-02	1.553455e-02
8.200000e+01	8.300000e+01	1.763636e-01	1.790702e-02	1.790702e-02
8.300000e+01	8.400000e+01	2.454545e-01	2.112536e-02	2.112536e-02
8.400000e+01	8.500000e+01	2.636364e-01	2.189381e-02	2.189381e-02
8.500000e+01	8.600000e+01	2.345455e-01	2.065058e-02	2.065058e-02
8.600000e+01	8.700000e+01	2.363636e-01	2.073046e-02	2.073046e-02
8.700000e+01	8.800000e+01	2.654545e-01	2.196917e-02	2.196917e-02
8.800000e+01	8.900000e+01	2.254545e-01	2.024642e-02	2.024642e-02
8.900000e+01	9.000000e+01	5.454545e-02	9.958592e-03	9.958592e-03
# END HISTO1D

