# BEGIN PLOT
LegendOnly=/SoftDropMass/d06-x01-y01 //Users/jenniferroloff/Work/tuningStudies/SoftDropObservablesCalo_tune.yoda/SoftDropMass/d06-x01-y01 //Users/jenniferroloff/Work/tuningStudies/SoftDropObservablesTrack_tune.yoda/SoftDropMass/d06-x01-y01
DrawOnly=/SoftDropMass/d06-x01-y01 //Users/jenniferroloff/Work/tuningStudies/SoftDropObservablesCalo_tune.yoda/SoftDropMass/d06-x01-y01 //Users/jenniferroloff/Work/tuningStudies/SoftDropObservablesTrack_tune.yoda/SoftDropMass/d06-x01-y01
RatioPlotReference=/SoftDropMass/d06-x01-y01
RatioPlot=1
LogY=1
Legend=1
# END PLOT

# BEGIN HISTO1D /SoftDropMass/d06-x01-y01
ConnectBins=0
ErrorBars=1
IsRef=1
Path=/SoftDropMass/d06-x01-y01
PolyMarker=*
Title=Data
# xlow	 xhigh	 val	 errminus	 errplus
0.000000e+00	1.000000e+00	1.451020e-03	7.882910e-04	7.882910e-04
1.000000e+00	2.000000e+00	1.071270e-02	3.272191e-03	3.272191e-03
2.000000e+00	3.000000e+00	5.800300e-02	8.812056e-03	8.812056e-03
3.000000e+00	4.000000e+00	1.452040e-01	1.629867e-02	1.629867e-02
4.000000e+00	5.000000e+00	2.282400e-01	1.592383e-02	1.592383e-02
5.000000e+00	6.000000e+00	2.607350e-01	6.181668e-03	6.181668e-03
6.000000e+00	7.000000e+00	2.509770e-01	3.256076e-02	3.256076e-02
7.000000e+00	8.000000e+00	2.600480e-01	5.048659e-02	5.048659e-02
8.000000e+00	9.000000e+00	2.076820e-01	3.671640e-02	3.671640e-02
9.000000e+00	1.000000e+01	4.855830e-02	7.593570e-03	7.593570e-03
1.000000e+01	1.100000e+01	1.701470e-03	1.420534e-03	1.420534e-03
1.100000e+01	1.200000e+01	1.303100e-02	4.388875e-03	4.388875e-03
1.200000e+01	1.300000e+01	6.584180e-02	7.450886e-03	7.450886e-03
1.300000e+01	1.400000e+01	1.543540e-01	1.918052e-02	1.918052e-02
1.400000e+01	1.500000e+01	2.322490e-01	1.309749e-02	1.309749e-02
1.500000e+01	1.600000e+01	2.580480e-01	1.145924e-02	1.145924e-02
1.600000e+01	1.700000e+01	2.532390e-01	2.840945e-02	2.840945e-02
1.700000e+01	1.800000e+01	2.564630e-01	3.583305e-02	3.583305e-02
1.800000e+01	1.900000e+01	2.160430e-01	2.358462e-02	2.358462e-02
1.900000e+01	2.000000e+01	4.497230e-02	4.589910e-03	4.589910e-03
2.000000e+01	2.100000e+01	2.056070e-03	8.495899e-04	8.495899e-04
2.100000e+01	2.200000e+01	1.625990e-02	3.532864e-03	3.532864e-03
2.200000e+01	2.300000e+01	7.476760e-02	8.029084e-03	8.029084e-03
2.300000e+01	2.400000e+01	1.652030e-01	1.423096e-02	1.423096e-02
2.400000e+01	2.500000e+01	2.336510e-01	1.083591e-02	1.083591e-02
2.500000e+01	2.600000e+01	2.534420e-01	7.248500e-03	7.248500e-03
2.600000e+01	2.700000e+01	2.557160e-01	2.419191e-02	2.419191e-02
2.700000e+01	2.800000e+01	2.571910e-01	2.906411e-02	2.906411e-02
2.800000e+01	2.900000e+01	1.974650e-01	1.836495e-02	1.836495e-02
2.900000e+01	3.000000e+01	4.612460e-02	4.530762e-03	4.530762e-03
3.000000e+01	3.100000e+01	2.780840e-03	1.310385e-03	1.310385e-03
3.100000e+01	3.200000e+01	2.011460e-02	3.388850e-03	3.388850e-03
3.200000e+01	3.300000e+01	8.713480e-02	1.092323e-02	1.092323e-02
3.300000e+01	3.400000e+01	1.776640e-01	2.074160e-02	2.074160e-02
3.400000e+01	3.500000e+01	2.399340e-01	8.934288e-03	8.934288e-03
3.500000e+01	3.600000e+01	2.518430e-01	1.418693e-02	1.418693e-02
3.600000e+01	3.700000e+01	2.516430e-01	2.298751e-02	2.298751e-02
3.700000e+01	3.800000e+01	2.565800e-01	2.301286e-02	2.301286e-02
3.800000e+01	3.900000e+01	1.975050e-01	1.306735e-02	1.306735e-02
3.900000e+01	4.000000e+01	4.586020e-02	3.871779e-03	3.871779e-03
4.000000e+01	4.100000e+01	3.363920e-03	1.271215e-03	1.271215e-03
4.100000e+01	4.200000e+01	2.484960e-02	3.126590e-03	3.126590e-03
4.200000e+01	4.300000e+01	1.011310e-01	1.197961e-02	1.197961e-02
4.300000e+01	4.400000e+01	1.914850e-01	1.806736e-02	1.806736e-02
4.400000e+01	4.500000e+01	2.466870e-01	7.911684e-03	7.911684e-03
4.500000e+01	4.600000e+01	2.490170e-01	1.187303e-02	1.187303e-02
4.600000e+01	4.700000e+01	2.520100e-01	2.138633e-02	2.138633e-02
4.700000e+01	4.800000e+01	2.522850e-01	2.227329e-02	2.227329e-02
4.800000e+01	4.900000e+01	2.181970e-01	1.484489e-02	1.484489e-02
4.900000e+01	5.000000e+01	4.764540e-02	3.682651e-03	3.682651e-03
5.000000e+01	5.100000e+01	3.811130e-03	1.457701e-03	1.457701e-03
5.100000e+01	5.200000e+01	2.918450e-02	3.124059e-03	3.124059e-03
5.200000e+01	5.300000e+01	1.095020e-01	1.340178e-02	1.340178e-02
5.300000e+01	5.400000e+01	2.007790e-01	1.725864e-02	1.725864e-02
5.400000e+01	5.500000e+01	2.595980e-01	7.224288e-03	7.224288e-03
5.500000e+01	5.600000e+01	2.560670e-01	1.223389e-02	1.223389e-02
5.600000e+01	5.700000e+01	2.436480e-01	1.838010e-02	1.838010e-02
5.700000e+01	5.800000e+01	2.406870e-01	1.676567e-02	1.676567e-02
5.800000e+01	5.900000e+01	1.933920e-01	1.195982e-02	1.195982e-02
5.900000e+01	6.000000e+01	4.667260e-02	3.722685e-03	3.722685e-03
6.000000e+01	6.100000e+01	4.413400e-03	1.268990e-03	1.268990e-03
6.100000e+01	6.200000e+01	3.061960e-02	2.639325e-03	2.639325e-03
6.200000e+01	6.300000e+01	1.127680e-01	1.329487e-02	1.329487e-02
6.300000e+01	6.400000e+01	2.018120e-01	1.604639e-02	1.604639e-02
6.400000e+01	6.500000e+01	2.579360e-01	6.583117e-03	6.583117e-03
6.500000e+01	6.600000e+01	2.589620e-01	1.348991e-02	1.348991e-02
6.600000e+01	6.700000e+01	2.474050e-01	1.658657e-02	1.658657e-02
6.700000e+01	6.800000e+01	2.356970e-01	1.519333e-02	1.519333e-02
6.800000e+01	6.900000e+01	1.783890e-01	1.202554e-02	1.202554e-02
6.900000e+01	7.000000e+01	5.033090e-02	4.666089e-03	4.666089e-03
7.000000e+01	7.100000e+01	5.583320e-03	1.243267e-03	1.243267e-03
7.100000e+01	7.200000e+01	3.709650e-02	3.393921e-03	3.393921e-03
7.200000e+01	7.300000e+01	1.233910e-01	1.413413e-02	1.413413e-02
7.300000e+01	7.400000e+01	2.099080e-01	1.386994e-02	1.386994e-02
7.400000e+01	7.500000e+01	2.588650e-01	7.266487e-03	7.266487e-03
7.500000e+01	7.600000e+01	2.612550e-01	1.273858e-02	1.273858e-02
7.600000e+01	7.700000e+01	2.504530e-01	1.341395e-02	1.341395e-02
7.700000e+01	7.800000e+01	2.294280e-01	1.062977e-02	1.062977e-02
7.800000e+01	7.900000e+01	1.808650e-01	1.195040e-02	1.195040e-02
7.900000e+01	8.000000e+01	4.729000e-02	4.827826e-03	4.827826e-03
8.000000e+01	8.100000e+01	1.043100e-02	9.769873e-04	9.769873e-04
8.100000e+01	8.200000e+01	5.868170e-02	6.191277e-03	6.191277e-03
8.200000e+01	8.300000e+01	1.555600e-01	1.730443e-02	1.730443e-02
8.300000e+01	8.400000e+01	2.322070e-01	1.072048e-02	1.072048e-02
8.400000e+01	8.500000e+01	2.695850e-01	7.578822e-03	7.578822e-03
8.500000e+01	8.600000e+01	2.576150e-01	1.069442e-02	1.069442e-02
8.600000e+01	8.700000e+01	2.273400e-01	9.054248e-03	9.054248e-03
8.700000e+01	8.800000e+01	2.454610e-01	7.540339e-03	7.540339e-03
8.800000e+01	8.900000e+01	1.819030e-01	8.450925e-03	8.450925e-03
8.900000e+01	9.000000e+01	3.251530e-02	2.258698e-03	2.258698e-03
# END HISTO1D


# BEGIN HISTO1D //Users/jenniferroloff/Work/tuningStudies/SoftDropObservablesCalo_tune.yoda/SoftDropMass/d06-x01-y01
LineColor=red
LineStyle=solid
Path=//Users/jenniferroloff/Work/tuningStudies/SoftDropObservablesCalo_tune.yoda/SoftDropMass/d06-x01-y01
Title=SD Obs. Calo
# xlow	 xhigh	 val	 errminus	 errplus
0.000000e+00	1.000000e+00	0.000000e+00	0.000000e+00	0.000000e+00
1.000000e+00	2.000000e+00	1.039554e-02	1.623510e-03	1.623510e-03
2.000000e+00	3.000000e+00	5.096349e-02	3.594688e-03	3.594688e-03
3.000000e+00	4.000000e+00	1.244929e-01	5.618286e-03	5.618286e-03
4.000000e+00	5.000000e+00	1.929513e-01	6.994480e-03	6.994480e-03
5.000000e+00	6.000000e+00	2.500000e-01	7.961622e-03	7.961622e-03
6.000000e+00	7.000000e+00	2.614097e-01	8.141275e-03	8.141275e-03
7.000000e+00	8.000000e+00	2.956389e-01	8.657896e-03	8.657896e-03
8.000000e+00	9.000000e+00	2.352941e-01	7.723908e-03	7.723908e-03
9.000000e+00	1.000000e+01	5.831643e-02	3.845271e-03	3.845271e-03
1.000000e+01	1.100000e+01	1.147228e-03	6.623521e-04	6.623521e-04
1.100000e+01	1.200000e+01	8.413002e-03	1.793658e-03	1.793658e-03
1.200000e+01	1.300000e+01	5.774379e-02	4.699122e-03	4.699122e-03
1.300000e+01	1.400000e+01	1.403442e-01	7.325906e-03	7.325906e-03
1.400000e+01	1.500000e+01	2.107075e-01	8.976440e-03	8.976440e-03
1.500000e+01	1.600000e+01	2.500956e-01	9.779512e-03	9.779512e-03
1.600000e+01	1.700000e+01	2.585086e-01	9.942638e-03	9.942638e-03
1.700000e+01	1.800000e+01	2.806883e-01	1.036040e-02	1.036040e-02
1.800000e+01	1.900000e+01	2.248566e-01	9.272930e-03	9.272930e-03
1.900000e+01	2.000000e+01	5.659656e-02	4.652208e-03	4.652208e-03
2.000000e+01	2.100000e+01	1.184834e-03	8.378042e-04	8.378042e-04
2.100000e+01	2.200000e+01	1.777251e-02	3.244802e-03	3.244802e-03
2.200000e+01	2.300000e+01	6.872038e-02	6.380527e-03	6.380527e-03
2.300000e+01	2.400000e+01	1.635071e-01	9.841971e-03	9.841971e-03
2.400000e+01	2.500000e+01	2.031991e-01	1.097172e-02	1.097172e-02
2.500000e+01	2.600000e+01	2.340047e-01	1.177406e-02	1.177406e-02
2.600000e+01	2.700000e+01	2.671801e-01	1.258102e-02	1.258102e-02
2.700000e+01	2.800000e+01	2.956161e-01	1.323359e-02	1.323359e-02
2.800000e+01	2.900000e+01	2.180095e-01	1.136453e-02	1.136453e-02
2.900000e+01	3.000000e+01	7.049763e-02	6.462507e-03	6.462507e-03
3.000000e+01	3.100000e+01	0.000000e+00	0.000000e+00	0.000000e+00
3.100000e+01	3.200000e+01	1.635112e-02	3.751204e-03	3.751204e-03
3.200000e+01	3.300000e+01	6.798623e-02	7.649048e-03	7.649048e-03
3.300000e+01	3.400000e+01	1.325301e-01	1.067958e-02	1.067958e-02
3.400000e+01	3.500000e+01	2.039587e-01	1.324854e-02	1.324854e-02
3.500000e+01	3.600000e+01	2.564544e-01	1.485601e-02	1.485601e-02
3.600000e+01	3.700000e+01	2.564544e-01	1.485601e-02	1.485601e-02
3.700000e+01	3.800000e+01	2.831325e-01	1.560960e-02	1.560960e-02
3.800000e+01	3.900000e+01	2.134251e-01	1.355251e-02	1.355251e-02
3.900000e+01	4.000000e+01	5.938038e-02	7.148557e-03	7.148557e-03
4.000000e+01	4.100000e+01	1.293661e-03	1.293661e-03	1.293661e-03
4.100000e+01	4.200000e+01	2.328590e-02	5.488539e-03	5.488539e-03
4.200000e+01	4.300000e+01	8.150065e-02	1.026812e-02	1.026812e-02
4.300000e+01	4.400000e+01	1.785252e-01	1.519708e-02	1.519708e-02
4.400000e+01	4.500000e+01	2.393273e-01	1.759569e-02	1.759569e-02
4.500000e+01	4.600000e+01	2.419146e-01	1.769055e-02	1.769055e-02
4.600000e+01	4.700000e+01	2.509702e-01	1.801861e-02	1.801861e-02
4.700000e+01	4.800000e+01	2.677878e-01	1.861254e-02	1.861254e-02
4.800000e+01	4.900000e+01	2.302717e-01	1.725959e-02	1.725959e-02
4.900000e+01	5.000000e+01	4.786546e-02	7.869033e-03	7.869033e-03
5.000000e+01	5.100000e+01	4.219409e-03	2.983573e-03	2.983573e-03
5.100000e+01	5.200000e+01	1.898734e-02	6.329114e-03	6.329114e-03
5.200000e+01	5.300000e+01	9.282700e-02	1.399420e-02	1.399420e-02
5.300000e+01	5.400000e+01	1.793249e-01	1.945052e-02	1.945052e-02
5.400000e+01	5.500000e+01	2.067511e-01	2.088501e-02	2.088501e-02
5.500000e+01	5.600000e+01	2.552743e-01	2.320675e-02	2.320675e-02
5.600000e+01	5.700000e+01	2.531646e-01	2.311066e-02	2.311066e-02
5.700000e+01	5.800000e+01	2.848101e-01	2.451255e-02	2.451255e-02
5.800000e+01	5.900000e+01	2.573840e-01	2.330245e-02	2.330245e-02
5.900000e+01	6.000000e+01	4.008439e-02	9.195989e-03	9.195989e-03
6.000000e+01	6.100000e+01	3.095975e-03	3.095975e-03	3.095975e-03
6.100000e+01	6.200000e+01	2.476780e-02	8.756740e-03	8.756740e-03
6.200000e+01	6.300000e+01	8.049536e-02	1.578644e-02	1.578644e-02
6.300000e+01	6.400000e+01	1.857585e-01	2.398132e-02	2.398132e-02
6.400000e+01	6.500000e+01	2.569659e-01	2.820568e-02	2.820568e-02
6.500000e+01	6.600000e+01	2.198142e-01	2.608715e-02	2.608715e-02
6.600000e+01	6.700000e+01	2.693498e-01	2.887733e-02	2.887733e-02
6.700000e+01	6.800000e+01	2.538700e-01	2.803525e-02	2.803525e-02
6.800000e+01	6.900000e+01	2.260062e-01	2.645202e-02	2.645202e-02
6.900000e+01	7.000000e+01	5.263158e-02	1.276503e-02	1.276503e-02
7.000000e+01	7.100000e+01	0.000000e+00	0.000000e+00	0.000000e+00
7.100000e+01	7.200000e+01	3.358209e-02	1.119403e-02	1.119403e-02
7.200000e+01	7.300000e+01	8.955224e-02	1.827977e-02	1.827977e-02
7.300000e+01	7.400000e+01	1.305970e-01	2.207492e-02	2.207492e-02
7.400000e+01	7.500000e+01	2.313433e-01	2.938063e-02	2.938063e-02
7.500000e+01	7.600000e+01	2.686567e-01	3.166149e-02	3.166149e-02
7.600000e+01	7.700000e+01	2.388060e-01	2.985075e-02	2.985075e-02
7.700000e+01	7.800000e+01	2.611940e-01	3.121866e-02	3.121866e-02
7.800000e+01	7.900000e+01	1.977612e-01	2.716459e-02	2.716459e-02
7.900000e+01	8.000000e+01	5.597015e-02	1.445143e-02	1.445143e-02
8.000000e+01	8.100000e+01	1.200686e-02	4.538167e-03	4.538167e-03
8.100000e+01	8.200000e+01	4.459691e-02	8.746174e-03	8.746174e-03
8.200000e+01	8.300000e+01	1.457976e-01	1.581397e-02	1.581397e-02
8.300000e+01	8.400000e+01	2.452830e-01	2.051160e-02	2.051160e-02
8.400000e+01	8.500000e+01	2.075472e-01	1.886793e-02	1.886793e-02
8.500000e+01	8.600000e+01	2.727273e-01	2.162868e-02	2.162868e-02
8.600000e+01	8.700000e+01	2.658662e-01	2.135489e-02	2.135489e-02
8.700000e+01	8.800000e+01	2.538593e-01	2.086711e-02	2.086711e-02
8.800000e+01	8.900000e+01	1.938250e-01	1.823353e-02	1.823353e-02
8.900000e+01	9.000000e+01	6.518010e-02	1.057361e-02	1.057361e-02
# END HISTO1D


# BEGIN HISTO1D //Users/jenniferroloff/Work/tuningStudies/SoftDropObservablesTrack_tune.yoda/SoftDropMass/d06-x01-y01
LineColor=blue
LineStyle=solid
Path=//Users/jenniferroloff/Work/tuningStudies/SoftDropObservablesTrack_tune.yoda/SoftDropMass/d06-x01-y01
Title=SD Obs. Track
# xlow	 xhigh	 val	 errminus	 errplus
0.000000e+00	1.000000e+00	4.565168e-04	3.228061e-04	3.228061e-04
1.000000e+00	2.000000e+00	5.249943e-03	1.094689e-03	1.094689e-03
2.000000e+00	3.000000e+00	3.172792e-02	2.691127e-03	2.691127e-03
3.000000e+00	4.000000e+00	9.586852e-02	4.677904e-03	4.677904e-03
4.000000e+00	5.000000e+00	1.860306e-01	6.516367e-03	6.516367e-03
5.000000e+00	6.000000e+00	2.449213e-01	7.476987e-03	7.476987e-03
6.000000e+00	7.000000e+00	2.777905e-01	7.962914e-03	7.962914e-03
7.000000e+00	8.000000e+00	2.912577e-01	8.153650e-03	8.153650e-03
8.000000e+00	9.000000e+00	2.378452e-01	7.368186e-03	7.368186e-03
9.000000e+00	1.000000e+01	6.368409e-02	3.812667e-03	3.812667e-03
1.000000e+01	1.100000e+01	1.123175e-03	6.484653e-04	6.484653e-04
1.100000e+01	1.200000e+01	8.611007e-03	1.795519e-03	1.795519e-03
1.200000e+01	1.300000e+01	4.155747e-02	3.944461e-03	3.944461e-03
1.300000e+01	1.400000e+01	1.007113e-01	6.140479e-03	6.140479e-03
1.400000e+01	1.500000e+01	1.797080e-01	8.202509e-03	8.202509e-03
1.500000e+01	1.600000e+01	2.560839e-01	9.791611e-03	9.791611e-03
1.600000e+01	1.700000e+01	2.665668e-01	9.990015e-03	9.990015e-03
1.700000e+01	1.800000e+01	2.976413e-01	1.055625e-02	1.055625e-02
1.800000e+01	1.900000e+01	2.261325e-01	9.201202e-03	9.201202e-03
1.900000e+01	2.000000e+01	6.214901e-02	4.823699e-03	4.823699e-03
2.000000e+01	2.100000e+01	1.077586e-03	7.619685e-04	7.619685e-04
2.100000e+01	2.200000e+01	5.926724e-03	1.786975e-03	1.786975e-03
2.200000e+01	2.300000e+01	4.903017e-02	5.139759e-03	5.139759e-03
2.300000e+01	2.400000e+01	1.104526e-01	7.714343e-03	7.714343e-03
2.400000e+01	2.500000e+01	2.122845e-01	1.069474e-02	1.069474e-02
2.500000e+01	2.600000e+01	2.623922e-01	1.189013e-02	1.189013e-02
2.600000e+01	2.700000e+01	2.553879e-01	1.173036e-02	1.173036e-02
2.700000e+01	2.800000e+01	2.699353e-01	1.205982e-02	1.205982e-02
2.800000e+01	2.900000e+01	2.284483e-01	1.109443e-02	1.109443e-02
2.900000e+01	3.000000e+01	5.549569e-02	5.468152e-03	5.468152e-03
3.000000e+01	3.100000e+01	1.710864e-03	1.209764e-03	1.209764e-03
3.100000e+01	3.200000e+01	1.283148e-02	3.313074e-03	3.313074e-03
3.200000e+01	3.300000e+01	5.303678e-02	6.735678e-03	6.735678e-03
3.300000e+01	3.400000e+01	1.351583e-01	1.075261e-02	1.075261e-02
3.400000e+01	3.500000e+01	2.095808e-01	1.338963e-02	1.338963e-02
3.500000e+01	3.600000e+01	2.472198e-01	1.454235e-02	1.454235e-02
3.600000e+01	3.700000e+01	2.634731e-01	1.501277e-02	1.501277e-02
3.700000e+01	3.800000e+01	2.797263e-01	1.546890e-02	1.546890e-02
3.800000e+01	3.900000e+01	2.215569e-01	1.376687e-02	1.376687e-02
3.900000e+01	4.000000e+01	5.218135e-02	6.681138e-03	6.681138e-03
4.000000e+01	4.100000e+01	0.000000e+00	0.000000e+00	0.000000e+00
4.100000e+01	4.200000e+01	1.161290e-02	3.870968e-03	3.870968e-03
4.200000e+01	4.300000e+01	5.419355e-02	8.362246e-03	8.362246e-03
4.300000e+01	4.400000e+01	1.303226e-01	1.296758e-02	1.296758e-02
4.400000e+01	4.500000e+01	2.258065e-01	1.706936e-02	1.706936e-02
4.500000e+01	4.600000e+01	2.309677e-01	1.726334e-02	1.726334e-02
4.600000e+01	4.700000e+01	2.477419e-01	1.787923e-02	1.787923e-02
4.700000e+01	4.800000e+01	2.954839e-01	1.952612e-02	1.952612e-02
4.800000e+01	4.900000e+01	2.012903e-01	1.611612e-02	1.611612e-02
4.900000e+01	5.000000e+01	6.322581e-02	9.032258e-03	9.032258e-03
5.000000e+01	5.100000e+01	0.000000e+00	0.000000e+00	0.000000e+00
5.100000e+01	5.200000e+01	7.575758e-03	3.787879e-03	3.787879e-03
5.200000e+01	5.300000e+01	6.628788e-02	1.120470e-02	1.120470e-02
5.300000e+01	5.400000e+01	1.477273e-01	1.672682e-02	1.672682e-02
5.400000e+01	5.500000e+01	2.291667e-01	2.083333e-02	2.083333e-02
5.500000e+01	5.600000e+01	2.462121e-01	2.159423e-02	2.159423e-02
5.600000e+01	5.700000e+01	2.746212e-01	2.280605e-02	2.280605e-02
5.700000e+01	5.800000e+01	2.500000e-01	2.175971e-02	2.175971e-02
5.800000e+01	5.900000e+01	2.405303e-01	2.134361e-02	2.134361e-02
5.900000e+01	6.000000e+01	5.681818e-02	1.037353e-02	1.037353e-02
6.000000e+01	6.100000e+01	3.115265e-03	3.115265e-03	3.115265e-03
6.100000e+01	6.200000e+01	1.557632e-02	6.965944e-03	6.965944e-03
6.200000e+01	6.300000e+01	1.090343e-01	1.843015e-02	1.843015e-02
6.300000e+01	6.400000e+01	1.931464e-01	2.452962e-02	2.452962e-02
6.400000e+01	6.500000e+01	2.585670e-01	2.838141e-02	2.838141e-02
6.500000e+01	6.600000e+01	2.336449e-01	2.697898e-02	2.697898e-02
6.600000e+01	6.700000e+01	2.367601e-01	2.715825e-02	2.715825e-02
6.700000e+01	6.800000e+01	2.710280e-01	2.905726e-02	2.905726e-02
6.800000e+01	6.900000e+01	1.526480e-01	2.180685e-02	2.180685e-02
6.900000e+01	7.000000e+01	9.034268e-02	1.677622e-02	1.677622e-02
7.000000e+01	7.100000e+01	8.000000e-03	5.656854e-03	5.656854e-03
7.100000e+01	7.200000e+01	5.200000e-02	1.442221e-02	1.442221e-02
7.200000e+01	7.300000e+01	8.000000e-02	1.788854e-02	1.788854e-02
7.300000e+01	7.400000e+01	1.320000e-01	2.297825e-02	2.297825e-02
7.400000e+01	7.500000e+01	1.760000e-01	2.653300e-02	2.653300e-02
7.500000e+01	7.600000e+01	2.600000e-01	3.224903e-02	3.224903e-02
7.600000e+01	7.700000e+01	2.920000e-01	3.417601e-02	3.417601e-02
7.700000e+01	7.800000e+01	2.720000e-01	3.298485e-02	3.298485e-02
7.800000e+01	7.900000e+01	2.280000e-01	3.019934e-02	3.019934e-02
7.900000e+01	8.000000e+01	2.400000e-02	9.797959e-03	9.797959e-03
8.000000e+01	8.100000e+01	7.407407e-03	3.312694e-03	3.312694e-03
8.100000e+01	8.200000e+01	3.407407e-02	7.104936e-03	7.104936e-03
8.200000e+01	8.300000e+01	1.022222e-01	1.230611e-02	1.230611e-02
8.300000e+01	8.400000e+01	1.837037e-01	1.649708e-02	1.649708e-02
8.400000e+01	8.500000e+01	2.503704e-01	1.925926e-02	1.925926e-02
8.500000e+01	8.600000e+01	2.681481e-01	1.993129e-02	1.993129e-02
8.600000e+01	8.700000e+01	2.222222e-01	1.814437e-02	1.814437e-02
8.700000e+01	8.800000e+01	2.592593e-01	1.959816e-02	1.959816e-02
8.800000e+01	8.900000e+01	1.896296e-01	1.676105e-02	1.676105e-02
8.900000e+01	9.000000e+01	4.592593e-02	8.248540e-03	8.248540e-03
# END HISTO1D

