# BEGIN PLOT
LegendOnly=/SoftDropMass/d05-x01-y01 //Users/jenniferroloff/Work/tuningStudies/SoftDropMassInclPt_tune.yoda/SoftDropMass/d05-x01-y01 //Users/jenniferroloff/Work/tuningStudies/SoftDropObservablesCalo_tune.yoda/SoftDropMass/d05-x01-y01 //Users/jenniferroloff/Work/tuningStudies/JSSSoftDrop_tune.yoda/SoftDropMass/d05-x01-y01 //Users/jenniferroloff/Work/tuningStudies/ATLAS_tune.yoda/SoftDropMass/d05-x01-y01 //Users/jenniferroloff/Work/tuningStudies/Lund_Plane_tune.yoda/SoftDropMass/d05-x01-y01
DrawOnly=/SoftDropMass/d05-x01-y01 //Users/jenniferroloff/Work/tuningStudies/SoftDropMassInclPt_tune.yoda/SoftDropMass/d05-x01-y01 //Users/jenniferroloff/Work/tuningStudies/SoftDropObservablesCalo_tune.yoda/SoftDropMass/d05-x01-y01 //Users/jenniferroloff/Work/tuningStudies/JSSSoftDrop_tune.yoda/SoftDropMass/d05-x01-y01 //Users/jenniferroloff/Work/tuningStudies/ATLAS_tune.yoda/SoftDropMass/d05-x01-y01 //Users/jenniferroloff/Work/tuningStudies/Lund_Plane_tune.yoda/SoftDropMass/d05-x01-y01
RatioPlotReference=/SoftDropMass/d05-x01-y01
RatioPlot=1
LogY=1
Legend=1
# END PLOT

# BEGIN HISTO1D /SoftDropMass/d05-x01-y01
ConnectBins=0
ErrorBars=1
IsRef=1
Path=/SoftDropMass/d05-x01-y01
PolyMarker=*
Title=Data
# xlow	 xhigh	 val	 errminus	 errplus
0.000000e+00	1.000000e+00	1.332430e-02	1.082343e-03	1.082343e-03
1.000000e+00	2.000000e+00	6.560880e-02	6.410478e-03	6.410478e-03
2.000000e+00	3.000000e+00	1.524230e-01	1.799011e-02	1.799011e-02
3.000000e+00	4.000000e+00	2.141410e-01	1.042807e-02	1.042807e-02
4.000000e+00	5.000000e+00	2.392370e-01	6.346776e-03	6.346776e-03
5.000000e+00	6.000000e+00	2.360980e-01	1.160758e-02	1.160758e-02
6.000000e+00	7.000000e+00	2.482770e-01	9.149610e-03	9.149610e-03
7.000000e+00	8.000000e+00	2.763880e-01	1.556635e-02	1.556635e-02
8.000000e+00	9.000000e+00	2.358310e-01	1.654809e-02	1.654809e-02
9.000000e+00	1.000000e+01	5.619680e-02	4.926852e-03	4.926852e-03
1.000000e+01	1.100000e+01	1.719550e-02	1.391948e-03	1.391948e-03
1.100000e+01	1.200000e+01	7.707750e-02	9.845454e-03	9.845454e-03
1.200000e+01	1.300000e+01	1.671330e-01	2.095693e-02	2.095693e-02
1.300000e+01	1.400000e+01	2.258270e-01	1.082111e-02	1.082111e-02
1.400000e+01	1.500000e+01	2.438770e-01	7.250471e-03	7.250471e-03
1.500000e+01	1.600000e+01	2.366430e-01	1.280277e-02	1.280277e-02
1.600000e+01	1.700000e+01	2.504020e-01	7.720426e-03	7.720426e-03
1.700000e+01	1.800000e+01	2.690780e-01	8.803562e-03	8.803562e-03
1.800000e+01	1.900000e+01	2.459850e-01	1.043686e-02	1.043686e-02
1.900000e+01	2.000000e+01	5.336970e-02	3.421227e-03	3.421227e-03
2.000000e+01	2.100000e+01	2.108640e-02	2.027237e-03	2.027237e-03
2.100000e+01	2.200000e+01	8.756740e-02	1.204287e-02	1.204287e-02
2.200000e+01	2.300000e+01	1.744510e-01	1.998027e-02	1.998027e-02
2.300000e+01	2.400000e+01	2.312150e-01	1.125538e-02	1.125538e-02
2.400000e+01	2.500000e+01	2.437300e-01	5.524824e-03	5.524824e-03
2.500000e+01	2.600000e+01	2.363330e-01	1.178652e-02	1.178652e-02
2.600000e+01	2.700000e+01	2.557080e-01	8.694021e-03	8.694021e-03
2.700000e+01	2.800000e+01	2.642290e-01	7.852521e-03	7.852521e-03
2.800000e+01	2.900000e+01	2.229940e-01	1.140482e-02	1.140482e-02
2.900000e+01	3.000000e+01	5.467390e-02	4.696919e-03	4.696919e-03
3.000000e+01	3.100000e+01	2.648950e-02	3.653119e-03	3.653119e-03
3.100000e+01	3.200000e+01	1.004820e-01	1.487910e-02	1.487910e-02
3.200000e+01	3.300000e+01	1.839550e-01	1.981743e-02	1.981743e-02
3.300000e+01	3.400000e+01	2.315410e-01	9.390536e-03	9.390536e-03
3.400000e+01	3.500000e+01	2.420520e-01	7.223536e-03	7.223536e-03
3.500000e+01	3.600000e+01	2.373880e-01	1.130859e-02	1.130859e-02
3.600000e+01	3.700000e+01	2.551670e-01	5.783196e-03	5.783196e-03
3.700000e+01	3.800000e+01	2.653930e-01	5.738017e-03	5.738017e-03
3.800000e+01	3.900000e+01	2.222130e-01	1.005575e-02	1.005575e-02
3.900000e+01	4.000000e+01	5.386070e-02	4.080493e-03	4.080493e-03
4.000000e+01	4.100000e+01	3.163090e-02	4.628186e-03	4.628186e-03
4.100000e+01	4.200000e+01	1.159020e-01	1.866044e-02	1.866044e-02
4.200000e+01	4.300000e+01	1.969620e-01	2.133292e-02	2.133292e-02
4.300000e+01	4.400000e+01	2.352010e-01	7.362277e-03	7.362277e-03
4.400000e+01	4.500000e+01	2.400480e-01	7.615637e-03	7.615637e-03
4.500000e+01	4.600000e+01	2.349390e-01	1.001646e-02	1.001646e-02
4.600000e+01	4.700000e+01	2.576570e-01	7.753977e-03	7.753977e-03
4.700000e+01	4.800000e+01	2.673550e-01	9.197959e-03	9.197959e-03
4.800000e+01	4.900000e+01	2.430290e-01	1.175424e-02	1.175424e-02
4.900000e+01	5.000000e+01	5.613930e-02	4.186536e-03	4.186536e-03
5.000000e+01	5.100000e+01	3.866460e-02	6.980523e-03	6.980523e-03
5.100000e+01	5.200000e+01	1.264900e-01	2.240444e-02	2.240444e-02
5.200000e+01	5.300000e+01	2.071130e-01	2.350288e-02	2.350288e-02
5.300000e+01	5.400000e+01	2.478420e-01	8.560312e-03	8.560312e-03
5.400000e+01	5.500000e+01	2.499840e-01	8.094014e-03	8.094014e-03
5.500000e+01	5.600000e+01	2.368260e-01	1.062543e-02	1.062543e-02
5.600000e+01	5.700000e+01	2.522370e-01	9.465709e-03	9.465709e-03
5.700000e+01	5.800000e+01	2.609540e-01	1.108028e-02	1.108028e-02
5.800000e+01	5.900000e+01	2.172150e-01	1.086294e-02	1.086294e-02
5.900000e+01	6.000000e+01	5.609140e-02	4.178933e-03	4.178933e-03
6.000000e+01	6.100000e+01	4.109000e-02	7.908584e-03	7.908584e-03
6.100000e+01	6.200000e+01	1.286440e-01	2.273153e-02	2.273153e-02
6.200000e+01	6.300000e+01	2.042920e-01	2.218236e-02	2.218236e-02
6.300000e+01	6.400000e+01	2.429720e-01	6.782044e-03	6.782044e-03
6.400000e+01	6.500000e+01	2.511420e-01	8.930986e-03	8.930986e-03
6.500000e+01	6.600000e+01	2.383200e-01	1.013903e-02	1.013903e-02
6.600000e+01	6.700000e+01	2.364140e-01	7.727392e-03	7.727392e-03
6.700000e+01	6.800000e+01	2.741240e-01	1.326879e-02	1.326879e-02
6.800000e+01	6.900000e+01	1.936070e-01	1.159585e-02	1.159585e-02
6.900000e+01	7.000000e+01	5.864830e-02	4.798920e-03	4.798920e-03
7.000000e+01	7.100000e+01	4.781610e-02	9.169574e-03	9.169574e-03
7.100000e+01	7.200000e+01	1.402280e-01	2.385306e-02	2.385306e-02
7.200000e+01	7.300000e+01	2.123670e-01	2.124472e-02	2.124472e-02
7.300000e+01	7.400000e+01	2.453480e-01	7.619797e-03	7.619797e-03
7.400000e+01	7.500000e+01	2.582530e-01	9.086262e-03	9.086262e-03
7.500000e+01	7.600000e+01	2.570850e-01	1.027476e-02	1.027476e-02
7.600000e+01	7.700000e+01	2.270670e-01	7.368156e-03	7.368156e-03
7.700000e+01	7.800000e+01	2.575950e-01	1.244404e-02	1.244404e-02
7.800000e+01	7.900000e+01	2.065150e-01	1.286779e-02	1.286779e-02
7.900000e+01	8.000000e+01	5.629180e-02	4.873678e-03	4.873678e-03
8.000000e+01	8.100000e+01	7.819490e-02	1.703426e-02	1.703426e-02
8.100000e+01	8.200000e+01	1.756190e-01	2.984496e-02	2.984496e-02
8.200000e+01	8.300000e+01	2.269410e-01	1.890821e-02	1.890821e-02
8.300000e+01	8.400000e+01	2.476700e-01	5.073926e-03	5.073926e-03
8.400000e+01	8.500000e+01	2.556090e-01	7.946348e-03	7.946348e-03
8.500000e+01	8.600000e+01	2.565730e-01	6.947399e-03	6.947399e-03
8.600000e+01	8.700000e+01	2.372480e-01	6.600676e-03	6.600676e-03
8.700000e+01	8.800000e+01	2.505700e-01	9.754280e-03	9.754280e-03
8.800000e+01	8.900000e+01	2.098050e-01	1.025964e-02	1.025964e-02
8.900000e+01	9.000000e+01	3.839030e-02	2.561906e-03	2.561906e-03
# END HISTO1D


# BEGIN HISTO1D //Users/jenniferroloff/Work/tuningStudies/SoftDropMassInclPt_tune.yoda/SoftDropMass/d05-x01-y01
LineColor=red
LineStyle=solid
Path=//Users/jenniferroloff/Work/tuningStudies/SoftDropMassInclPt_tune.yoda/SoftDropMass/d05-x01-y01
Title=SD Mass
# xlow	 xhigh	 val	 errminus	 errplus
0.000000e+00	1.000000e+00	1.156745e-02	8.220627e-04	8.220627e-04
1.000000e+00	2.000000e+00	6.373780e-02	1.929677e-03	1.929677e-03
2.000000e+00	3.000000e+00	1.500263e-01	2.960533e-03	2.960533e-03
3.000000e+00	4.000000e+00	2.064614e-01	3.473007e-03	3.473007e-03
4.000000e+00	5.000000e+00	2.362564e-01	3.715164e-03	3.715164e-03
5.000000e+00	6.000000e+00	2.464217e-01	3.794247e-03	3.794247e-03
6.000000e+00	7.000000e+00	2.516796e-01	3.834513e-03	3.834513e-03
7.000000e+00	8.000000e+00	2.656423e-01	3.939443e-03	3.939443e-03
8.000000e+00	9.000000e+00	2.290705e-01	3.658228e-03	3.658228e-03
9.000000e+00	1.000000e+01	6.105042e-02	1.888559e-03	1.888559e-03
1.000000e+01	1.100000e+01	1.804468e-02	1.312557e-03	1.312557e-03
1.100000e+01	1.200000e+01	7.628413e-02	2.698739e-03	2.698739e-03
1.200000e+01	1.300000e+01	1.617338e-01	3.929562e-03	3.929562e-03
1.300000e+01	1.400000e+01	2.170136e-01	4.551841e-03	4.551841e-03
1.400000e+01	1.500000e+01	2.407867e-01	4.794684e-03	4.794684e-03
1.500000e+01	1.600000e+01	2.460378e-01	4.846683e-03	4.846683e-03
1.600000e+01	1.700000e+01	2.465152e-01	4.851383e-03	4.851383e-03
1.700000e+01	1.800000e+01	2.666603e-01	5.045717e-03	5.045717e-03
1.800000e+01	1.900000e+01	2.331487e-01	4.718025e-03	4.718025e-03
1.900000e+01	2.000000e+01	6.587741e-02	2.507910e-03	2.507910e-03
2.000000e+01	2.100000e+01	1.971326e-02	1.715819e-03	1.715819e-03
2.100000e+01	2.200000e+01	8.811231e-02	3.627527e-03	3.627527e-03
2.200000e+01	2.300000e+01	1.784648e-01	5.162600e-03	5.162600e-03
2.300000e+01	2.400000e+01	2.317802e-01	5.883428e-03	5.883428e-03
2.400000e+01	2.500000e+01	2.373059e-01	5.953145e-03	5.953145e-03
2.500000e+01	2.600000e+01	2.508961e-01	6.121237e-03	6.121237e-03
2.600000e+01	2.700000e+01	2.546296e-01	6.166614e-03	6.166614e-03
2.700000e+01	2.800000e+01	2.571685e-01	6.197280e-03	6.197280e-03
2.800000e+01	2.900000e+01	2.349164e-01	5.923098e-03	5.923098e-03
2.900000e+01	3.000000e+01	6.436679e-02	3.100439e-03	3.100439e-03
3.000000e+01	3.100000e+01	2.793550e-02	2.518859e-03	2.518859e-03
3.100000e+01	3.200000e+01	9.425392e-02	4.626743e-03	4.626743e-03
3.200000e+01	3.300000e+01	1.885078e-01	6.543203e-03	6.543203e-03
3.300000e+01	3.400000e+01	2.259823e-01	7.164120e-03	7.164120e-03
3.400000e+01	3.500000e+01	2.532364e-01	7.583833e-03	7.583833e-03
3.500000e+01	3.600000e+01	2.341585e-01	7.292571e-03	7.292571e-03
3.600000e+01	3.700000e+01	2.471042e-01	7.491448e-03	7.491448e-03
3.700000e+01	3.800000e+01	2.655008e-01	7.765306e-03	7.765306e-03
3.800000e+01	3.900000e+01	2.362026e-01	7.324331e-03	7.324331e-03
3.900000e+01	4.000000e+01	6.382012e-02	3.807189e-03	3.807189e-03
4.000000e+01	4.100000e+01	3.192204e-02	3.275132e-03	3.275132e-03
4.100000e+01	4.200000e+01	1.001344e-01	5.800630e-03	5.800630e-03
4.200000e+01	4.300000e+01	1.891801e-01	7.972991e-03	7.972991e-03
4.300000e+01	4.400000e+01	2.197581e-01	8.593221e-03	8.593221e-03
4.400000e+01	4.500000e+01	2.274866e-01	8.743019e-03	8.743019e-03
4.500000e+01	4.600000e+01	2.432796e-01	9.041414e-03	9.041414e-03
4.600000e+01	4.700000e+01	2.641129e-01	9.420596e-03	9.420596e-03
4.700000e+01	4.800000e+01	2.651210e-01	9.438557e-03	9.438557e-03
4.800000e+01	4.900000e+01	2.264785e-01	8.723625e-03	8.723625e-03
4.900000e+01	5.000000e+01	5.544355e-02	4.316274e-03	4.316274e-03
5.000000e+01	5.100000e+01	3.114013e-02	3.954801e-03	3.954801e-03
5.100000e+01	5.200000e+01	1.135108e-01	7.550626e-03	7.550626e-03
5.200000e+01	5.300000e+01	1.958815e-01	9.918844e-03	9.918844e-03
5.300000e+01	5.400000e+01	2.415871e-01	1.101543e-02	1.101543e-02
5.400000e+01	5.500000e+01	2.385736e-01	1.094651e-02	1.094651e-02
5.500000e+01	5.600000e+01	2.440984e-01	1.107253e-02	1.107253e-02
5.600000e+01	5.700000e+01	2.521346e-01	1.125332e-02	1.125332e-02
5.700000e+01	5.800000e+01	2.651934e-01	1.154106e-02	1.154106e-02
5.800000e+01	5.900000e+01	2.486188e-01	1.117458e-02	1.117458e-02
5.900000e+01	6.000000e+01	6.027122e-02	5.501984e-03	5.501984e-03
6.000000e+01	6.100000e+01	3.728814e-02	5.027931e-03	5.027931e-03
6.100000e+01	6.200000e+01	1.186441e-01	8.968649e-03	8.968649e-03
6.200000e+01	6.300000e+01	2.047458e-01	1.178180e-02	1.178180e-02
6.300000e+01	6.400000e+01	2.237288e-01	1.231587e-02	1.231587e-02
6.400000e+01	6.500000e+01	2.481356e-01	1.297025e-02	1.297025e-02
6.500000e+01	6.600000e+01	2.650847e-01	1.340591e-02	1.340591e-02
6.600000e+01	6.700000e+01	2.508475e-01	1.304094e-02	1.304094e-02
6.700000e+01	6.800000e+01	2.359322e-01	1.264729e-02	1.264729e-02
6.800000e+01	6.900000e+01	1.966102e-01	1.154535e-02	1.154535e-02
6.900000e+01	7.000000e+01	5.898305e-02	6.323647e-03	6.323647e-03
7.000000e+01	7.100000e+01	5.030181e-02	7.113750e-03	7.113750e-03
7.100000e+01	7.200000e+01	1.539235e-01	1.244398e-02	1.244398e-02
7.200000e+01	7.300000e+01	2.183099e-01	1.481984e-02	1.481984e-02
7.300000e+01	7.400000e+01	2.444668e-01	1.568255e-02	1.568255e-02
7.400000e+01	7.500000e+01	2.474849e-01	1.577906e-02	1.577906e-02
7.500000e+01	7.600000e+01	2.334004e-01	1.532349e-02	1.532349e-02
7.600000e+01	7.700000e+01	2.374245e-01	1.545502e-02	1.545502e-02
7.700000e+01	7.800000e+01	2.816901e-01	1.683421e-02	1.683421e-02
7.800000e+01	7.900000e+01	2.173038e-01	1.478565e-02	1.478565e-02
7.900000e+01	8.000000e+01	4.627767e-02	6.823270e-03	6.823270e-03
8.000000e+01	8.100000e+01	7.421875e-02	5.384394e-03	5.384394e-03
8.100000e+01	8.200000e+01	1.664063e-01	8.062409e-03	8.062409e-03
8.200000e+01	8.300000e+01	2.242188e-01	9.358710e-03	9.358710e-03
8.300000e+01	8.400000e+01	2.250000e-01	9.375000e-03	9.375000e-03
8.400000e+01	8.500000e+01	2.531250e-01	9.943689e-03	9.943689e-03
8.500000e+01	8.600000e+01	2.531250e-01	9.943689e-03	9.943689e-03
8.600000e+01	8.700000e+01	2.472656e-01	9.827926e-03	9.827926e-03
8.700000e+01	8.800000e+01	2.464844e-01	9.812388e-03	9.812388e-03
8.800000e+01	8.900000e+01	2.109375e-01	9.077305e-03	9.077305e-03
8.900000e+01	9.000000e+01	5.742188e-02	4.736076e-03	4.736076e-03
# END HISTO1D


# BEGIN HISTO1D //Users/jenniferroloff/Work/tuningStudies/SoftDropObservablesCalo_tune.yoda/SoftDropMass/d05-x01-y01
LineColor=blue
LineStyle=solid
Path=//Users/jenniferroloff/Work/tuningStudies/SoftDropObservablesCalo_tune.yoda/SoftDropMass/d05-x01-y01
Title=SD Obs
# xlow	 xhigh	 val	 errminus	 errplus
0.000000e+00	1.000000e+00	8.745356e-03	7.070201e-04	7.070201e-04
1.000000e+00	2.000000e+00	5.127179e-02	1.711915e-03	1.711915e-03
2.000000e+00	3.000000e+00	1.367248e-01	2.795546e-03	2.795546e-03
3.000000e+00	4.000000e+00	1.975993e-01	3.360747e-03	3.360747e-03
4.000000e+00	5.000000e+00	2.300657e-01	3.626344e-03	3.626344e-03
5.000000e+00	6.000000e+00	2.394398e-01	3.699485e-03	3.699485e-03
6.000000e+00	7.000000e+00	2.516147e-01	3.792373e-03	3.792373e-03
7.000000e+00	8.000000e+00	2.788797e-01	3.992561e-03	3.992561e-03
8.000000e+00	9.000000e+00	2.472135e-01	3.759058e-03	3.759058e-03
9.000000e+00	1.000000e+01	6.773364e-02	1.967638e-03	1.967638e-03
1.000000e+01	1.100000e+01	1.177100e-02	1.024534e-03	1.024534e-03
1.100000e+01	1.200000e+01	6.019262e-02	2.316815e-03	2.316815e-03
1.200000e+01	1.300000e+01	1.471375e-01	3.622276e-03	3.622276e-03
1.300000e+01	1.400000e+01	2.024255e-01	4.248663e-03	4.248663e-03
1.400000e+01	1.500000e+01	2.334582e-01	4.562725e-03	4.562725e-03
1.500000e+01	1.600000e+01	2.383628e-01	4.610403e-03	4.610403e-03
1.600000e+01	1.700000e+01	2.487961e-01	4.710224e-03	4.710224e-03
1.700000e+01	1.800000e+01	2.793829e-01	4.991369e-03	4.991369e-03
1.800000e+01	1.900000e+01	2.439807e-01	4.664419e-03	4.664419e-03
1.900000e+01	2.000000e+01	7.062600e-02	2.509586e-03	2.509586e-03
2.000000e+01	2.100000e+01	1.769788e-02	1.570433e-03	1.570433e-03
2.100000e+01	2.200000e+01	6.939799e-02	3.109798e-03	3.109798e-03
2.200000e+01	2.300000e+01	1.631828e-01	4.768656e-03	4.768656e-03
2.300000e+01	2.400000e+01	2.084727e-01	5.389933e-03	5.389933e-03
2.400000e+01	2.500000e+01	2.318841e-01	5.684525e-03	5.684525e-03
2.500000e+01	2.600000e+01	2.369008e-01	5.745688e-03	5.745688e-03
2.600000e+01	2.700000e+01	2.554348e-01	5.966214e-03	5.966214e-03
2.700000e+01	2.800000e+01	2.757804e-01	6.199269e-03	6.199269e-03
2.800000e+01	2.900000e+01	2.396878e-01	5.779388e-03	5.779388e-03
2.900000e+01	3.000000e+01	7.552954e-02	3.244272e-03	3.244272e-03
3.000000e+01	3.100000e+01	1.885620e-02	1.976666e-03	1.976666e-03
3.100000e+01	3.200000e+01	8.019063e-02	4.076319e-03	4.076319e-03
3.200000e+01	3.300000e+01	1.636966e-01	5.824066e-03	5.824066e-03
3.300000e+01	3.400000e+01	1.939494e-01	6.339436e-03	6.339436e-03
3.400000e+01	3.500000e+01	2.215085e-01	6.774879e-03	6.774879e-03
3.500000e+01	3.600000e+01	2.393286e-01	7.042124e-03	7.042124e-03
3.600000e+01	3.700000e+01	2.623291e-01	7.372751e-03	7.372751e-03
3.700000e+01	3.800000e+01	2.768338e-01	7.573837e-03	7.573837e-03
3.800000e+01	3.900000e+01	2.434729e-01	7.102833e-03	7.102833e-03
3.900000e+01	4.000000e+01	7.231662e-02	3.871019e-03	3.871019e-03
4.000000e+01	4.100000e+01	2.147142e-02	2.603793e-03	2.603793e-03
4.100000e+01	4.200000e+01	8.746448e-02	5.255231e-03	5.255231e-03
4.200000e+01	4.300000e+01	1.761920e-01	7.458802e-03	7.458802e-03
4.300000e+01	4.400000e+01	2.200821e-01	8.336204e-03	8.336204e-03
4.400000e+01	4.500000e+01	2.260815e-01	8.449061e-03	8.449061e-03
4.500000e+01	4.600000e+01	2.421850e-01	8.744794e-03	8.744794e-03
4.600000e+01	4.700000e+01	2.560783e-01	8.992125e-03	8.992125e-03
4.700000e+01	4.800000e+01	2.756552e-01	9.329515e-03	9.329515e-03
4.800000e+01	4.900000e+01	2.519735e-01	8.919765e-03	8.919765e-03
4.900000e+01	5.000000e+01	6.567730e-02	4.553902e-03	4.553902e-03
5.000000e+01	5.100000e+01	3.474320e-02	4.182590e-03	4.182590e-03
5.100000e+01	5.200000e+01	1.127895e-01	7.536067e-03	7.536067e-03
5.200000e+01	5.300000e+01	1.988922e-01	1.000736e-02	1.000736e-02
5.300000e+01	5.400000e+01	2.396777e-01	1.098561e-02	1.098561e-02
5.400000e+01	5.500000e+01	2.265861e-01	1.068137e-02	1.068137e-02
5.500000e+01	5.600000e+01	2.286002e-01	1.072874e-02	1.072874e-02
5.600000e+01	5.700000e+01	2.472306e-01	1.115736e-02	1.115736e-02
5.700000e+01	5.800000e+01	2.975831e-01	1.224093e-02	1.224093e-02
5.800000e+01	5.900000e+01	2.638469e-01	1.152620e-02	1.152620e-02
5.900000e+01	6.000000e+01	7.200403e-02	6.021279e-03	6.021279e-03
6.000000e+01	6.100000e+01	3.290799e-02	4.701141e-03	4.701141e-03
6.100000e+01	6.200000e+01	1.128274e-01	8.704823e-03	8.704823e-03
6.200000e+01	6.300000e+01	1.699127e-01	1.068232e-02	1.068232e-02
6.300000e+01	6.400000e+01	2.283412e-01	1.238354e-02	1.238354e-02
6.400000e+01	6.500000e+01	2.431162e-01	1.277790e-02	1.277790e-02
6.500000e+01	6.600000e+01	2.357287e-01	1.258227e-02	1.258227e-02
6.600000e+01	6.700000e+01	2.431162e-01	1.277790e-02	1.277790e-02
6.700000e+01	6.800000e+01	2.780390e-01	1.366487e-02	1.366487e-02
6.800000e+01	6.900000e+01	2.269980e-01	1.234706e-02	1.234706e-02
6.900000e+01	7.000000e+01	6.178643e-02	6.441681e-03	6.441681e-03
7.000000e+01	7.100000e+01	4.251386e-02	6.268328e-03	6.268328e-03
7.100000e+01	7.200000e+01	1.062847e-01	9.911095e-03	9.911095e-03
7.200000e+01	7.300000e+01	1.746765e-01	1.270585e-02	1.270585e-02
7.300000e+01	7.400000e+01	2.051756e-01	1.377048e-02	1.377048e-02
7.400000e+01	7.500000e+01	2.412200e-01	1.493114e-02	1.493114e-02
7.500000e+01	7.600000e+01	2.495379e-01	1.518639e-02	1.518639e-02
7.600000e+01	7.700000e+01	2.347505e-01	1.472956e-02	1.472956e-02
7.700000e+01	7.800000e+01	2.744917e-01	1.592762e-02	1.592762e-02
7.800000e+01	7.900000e+01	2.384473e-01	1.484508e-02	1.484508e-02
7.900000e+01	8.000000e+01	5.914972e-02	7.393716e-03	7.393716e-03
8.000000e+01	8.100000e+01	7.201188e-02	5.170152e-03	5.170152e-03
8.100000e+01	8.200000e+01	1.455085e-01	7.349291e-03	7.349291e-03
8.200000e+01	8.300000e+01	2.145509e-01	8.924139e-03	8.924139e-03
8.300000e+01	8.400000e+01	2.141797e-01	8.916416e-03	8.916416e-03
8.400000e+01	8.500000e+01	2.204900e-01	9.046813e-03	9.046813e-03
8.500000e+01	8.600000e+01	2.379362e-01	9.397913e-03	9.397913e-03
8.600000e+01	8.700000e+01	2.702301e-01	1.001539e-02	1.001539e-02
8.700000e+01	8.800000e+01	2.713437e-01	1.003601e-02	1.003601e-02
8.800000e+01	8.900000e+01	2.297699e-01	9.235230e-03	9.235230e-03
8.900000e+01	9.000000e+01	6.087602e-02	4.753619e-03	4.753619e-03
# END HISTO1D


# BEGIN HISTO1D //Users/jenniferroloff/Work/tuningStudies/JSSSoftDrop_tune.yoda/SoftDropMass/d05-x01-y01
LineColor=green
LineStyle=solid
Path=//Users/jenniferroloff/Work/tuningStudies/JSSSoftDrop_tune.yoda/SoftDropMass/d05-x01-y01
Title=JSS Obs
# xlow	 xhigh	 val	 errminus	 errplus
0.000000e+00	1.000000e+00	1.212015e-02	8.424085e-04	8.424085e-04
1.000000e+00	2.000000e+00	5.773172e-02	1.838552e-03	1.838552e-03
2.000000e+00	3.000000e+00	1.489549e-01	2.953222e-03	2.953222e-03
3.000000e+00	4.000000e+00	2.068622e-01	3.480241e-03	3.480241e-03
4.000000e+00	5.000000e+00	2.344985e-01	3.705431e-03	3.705431e-03
5.000000e+00	6.000000e+00	2.484337e-01	3.813942e-03	3.813942e-03
6.000000e+00	7.000000e+00	2.484337e-01	3.813942e-03	3.813942e-03
7.000000e+00	8.000000e+00	2.686340e-01	3.965969e-03	3.965969e-03
8.000000e+00	9.000000e+00	2.265941e-01	3.642446e-03	3.642446e-03
9.000000e+00	1.000000e+01	5.972247e-02	1.869983e-03	1.869983e-03
1.000000e+01	1.100000e+01	1.422071e-02	1.161116e-03	1.161116e-03
1.100000e+01	1.200000e+01	6.949185e-02	2.566740e-03	2.566740e-03
1.200000e+01	1.300000e+01	1.555745e-01	3.840469e-03	3.840469e-03
1.300000e+01	1.400000e+01	2.108457e-01	4.470924e-03	4.470924e-03
1.400000e+01	1.500000e+01	2.385286e-01	4.755380e-03	4.755380e-03
1.500000e+01	1.600000e+01	2.368221e-01	4.738338e-03	4.738338e-03
1.600000e+01	1.700000e+01	2.513273e-01	4.881292e-03	4.881292e-03
1.700000e+01	1.800000e+01	2.733220e-01	5.090404e-03	5.090404e-03
1.800000e+01	1.900000e+01	2.325559e-01	4.695466e-03	4.695466e-03
1.900000e+01	2.000000e+01	5.972696e-02	2.379579e-03	2.379579e-03
2.000000e+01	2.100000e+01	1.811277e-02	1.626574e-03	1.626574e-03
2.100000e+01	2.200000e+01	8.106924e-02	3.441197e-03	3.441197e-03
2.200000e+01	2.300000e+01	1.675431e-01	4.947033e-03	4.947033e-03
2.300000e+01	2.400000e+01	2.313760e-01	5.813540e-03	5.813540e-03
2.400000e+01	2.500000e+01	2.420391e-01	5.945993e-03	5.945993e-03
2.500000e+01	2.600000e+01	2.490505e-01	6.031500e-03	6.031500e-03
2.600000e+01	2.700000e+01	2.411627e-01	5.935218e-03	5.935218e-03
2.700000e+01	2.800000e+01	2.677476e-01	6.253805e-03	6.253805e-03
2.800000e+01	2.900000e+01	2.246567e-01	5.728505e-03	5.728505e-03
2.900000e+01	3.000000e+01	6.310254e-02	3.036022e-03	3.036022e-03
3.000000e+01	3.100000e+01	2.721088e-02	2.443610e-03	2.443610e-03
3.100000e+01	3.200000e+01	9.611587e-02	4.592594e-03	4.592594e-03
3.200000e+01	3.300000e+01	1.689708e-01	6.089286e-03	6.089286e-03
3.300000e+01	3.400000e+01	2.181260e-01	6.918535e-03	6.918535e-03
3.400000e+01	3.500000e+01	2.453368e-01	7.337395e-03	7.337395e-03
3.500000e+01	3.600000e+01	2.413869e-01	7.278088e-03	7.278088e-03
3.600000e+01	3.700000e+01	2.549923e-01	7.480386e-03	7.480386e-03
3.700000e+01	3.800000e+01	2.582840e-01	7.528513e-03	7.528513e-03
3.800000e+01	3.900000e+01	2.312925e-01	7.124285e-03	7.124285e-03
3.900000e+01	4.000000e+01	5.705508e-02	3.538406e-03	3.538406e-03
4.000000e+01	4.100000e+01	3.005464e-02	3.203835e-03	3.203835e-03
4.100000e+01	4.200000e+01	1.140710e-01	6.241690e-03	6.241690e-03
4.200000e+01	4.300000e+01	2.021858e-01	8.309785e-03	8.309785e-03
4.300000e+01	4.400000e+01	2.349727e-01	8.958249e-03	8.958249e-03
4.400000e+01	4.500000e+01	2.322404e-01	8.906014e-03	8.906014e-03
4.500000e+01	4.600000e+01	2.558060e-01	9.346948e-03	9.346948e-03
4.600000e+01	4.700000e+01	2.435109e-01	9.119556e-03	9.119556e-03
4.700000e+01	4.800000e+01	2.684426e-01	9.575031e-03	9.575031e-03
4.800000e+01	4.900000e+01	2.172131e-01	8.613060e-03	8.613060e-03
4.900000e+01	5.000000e+01	5.942623e-02	4.505090e-03	4.505090e-03
5.000000e+01	5.100000e+01	2.961500e-02	3.823281e-03	3.823281e-03
5.100000e+01	5.200000e+01	1.243830e-01	7.835394e-03	7.835394e-03
5.200000e+01	5.300000e+01	1.865745e-01	9.596358e-03	9.596358e-03
5.300000e+01	5.400000e+01	2.166831e-01	1.034172e-02	1.034172e-02
5.400000e+01	5.500000e+01	2.364265e-01	1.080260e-02	1.080260e-02
5.500000e+01	5.600000e+01	2.443238e-01	1.098154e-02	1.098154e-02
5.600000e+01	5.700000e+01	2.734452e-01	1.161757e-02	1.161757e-02
5.700000e+01	5.800000e+01	2.458045e-01	1.101476e-02	1.101476e-02
5.800000e+01	5.900000e+01	2.147088e-01	1.029450e-02	1.029450e-02
5.900000e+01	6.000000e+01	6.021718e-02	5.451807e-03	5.451807e-03
6.000000e+01	6.100000e+01	4.523646e-02	5.568224e-03	5.568224e-03
6.100000e+01	6.200000e+01	1.192598e-01	9.041060e-03	9.041060e-03
6.200000e+01	6.300000e+01	2.001371e-01	1.171213e-02	1.171213e-02
6.300000e+01	6.400000e+01	2.172721e-01	1.220322e-02	1.220322e-02
6.400000e+01	6.500000e+01	2.378341e-01	1.276760e-02	1.276760e-02
6.500000e+01	6.600000e+01	2.446881e-01	1.295027e-02	1.295027e-02
6.600000e+01	6.700000e+01	2.604524e-01	1.336092e-02	1.336092e-02
6.700000e+01	6.800000e+01	2.570254e-01	1.327273e-02	1.327273e-02
6.800000e+01	6.900000e+01	2.159013e-01	1.216466e-02	1.216466e-02
6.900000e+01	7.000000e+01	5.003427e-02	5.856069e-03	5.856069e-03
7.000000e+01	7.100000e+01	5.015045e-02	7.092345e-03	7.092345e-03
7.100000e+01	7.200000e+01	1.534604e-01	1.240653e-02	1.240653e-02
7.200000e+01	7.300000e+01	2.096289e-01	1.450033e-02	1.450033e-02
7.300000e+01	7.400000e+01	1.985958e-01	1.411359e-02	1.411359e-02
7.400000e+01	7.500000e+01	2.316951e-01	1.524442e-02	1.524442e-02
7.500000e+01	7.600000e+01	2.657974e-01	1.632780e-02	1.632780e-02
7.600000e+01	7.700000e+01	2.567703e-01	1.604814e-02	1.604814e-02
7.700000e+01	7.800000e+01	2.457372e-01	1.569957e-02	1.569957e-02
7.800000e+01	7.900000e+01	2.126379e-01	1.460403e-02	1.460403e-02
7.900000e+01	8.000000e+01	4.914744e-02	7.021063e-03	7.021063e-03
8.000000e+01	8.100000e+01	6.037152e-02	4.833590e-03	4.833590e-03
8.100000e+01	8.200000e+01	1.722136e-01	8.163709e-03	8.163709e-03
8.200000e+01	8.300000e+01	2.151703e-01	9.125252e-03	9.125252e-03
8.300000e+01	8.400000e+01	2.395511e-01	9.628371e-03	9.628371e-03
8.400000e+01	8.500000e+01	2.461300e-01	9.759691e-03	9.759691e-03
8.500000e+01	8.600000e+01	2.643189e-01	1.011388e-02	1.011388e-02
8.600000e+01	8.700000e+01	2.527090e-01	9.889266e-03	9.889266e-03
8.700000e+01	8.800000e+01	2.368421e-01	9.573775e-03	9.573775e-03
8.800000e+01	8.900000e+01	2.093653e-01	9.001318e-03	9.001318e-03
8.900000e+01	9.000000e+01	5.108359e-02	4.446256e-03	4.446256e-03
# END HISTO1D


# BEGIN HISTO1D //Users/jenniferroloff/Work/tuningStudies/ATLAS_tune.yoda/SoftDropMass/d05-x01-y01
LineColor=orange
LineStyle=solid
Path=//Users/jenniferroloff/Work/tuningStudies/ATLAS_tune.yoda/SoftDropMass/d05-x01-y01
Title=ATLAS
# xlow	 xhigh	 val	 errminus	 errplus
0.000000e+00	1.000000e+00	1.684570e-02	1.013992e-03	1.013992e-03
1.000000e+00	2.000000e+00	6.933594e-02	2.057166e-03	2.057166e-03
2.000000e+00	3.000000e+00	1.635132e-01	3.159122e-03	3.159122e-03
3.000000e+00	4.000000e+00	2.260132e-01	3.714128e-03	3.714128e-03
4.000000e+00	5.000000e+00	2.478638e-01	3.889524e-03	3.889524e-03
5.000000e+00	6.000000e+00	2.485962e-01	3.895268e-03	3.895268e-03
6.000000e+00	7.000000e+00	2.465820e-01	3.879455e-03	3.879455e-03
7.000000e+00	8.000000e+00	2.569580e-01	3.960236e-03	3.960236e-03
8.000000e+00	9.000000e+00	2.319336e-01	3.762459e-03	3.762459e-03
9.000000e+00	1.000000e+01	5.761719e-02	1.875280e-03	1.875280e-03
1.000000e+01	1.100000e+01	2.006947e-02	1.391567e-03	1.391567e-03
1.100000e+01	1.200000e+01	8.896179e-02	2.929801e-03	2.929801e-03
1.200000e+01	1.300000e+01	1.703975e-01	4.054786e-03	4.054786e-03
1.300000e+01	1.400000e+01	2.307989e-01	4.719035e-03	4.719035e-03
1.400000e+01	1.500000e+01	2.399653e-01	4.811832e-03	4.811832e-03
1.500000e+01	1.600000e+01	2.436318e-01	4.848454e-03	4.848454e-03
1.600000e+01	1.700000e+01	2.584909e-01	4.994120e-03	4.994120e-03
1.700000e+01	1.800000e+01	2.579120e-01	4.988524e-03	4.988524e-03
1.800000e+01	1.900000e+01	2.126592e-01	4.529794e-03	4.529794e-03
1.900000e+01	2.000000e+01	5.586646e-02	2.321731e-03	2.321731e-03
2.000000e+01	2.100000e+01	2.627582e-02	1.997714e-03	1.997714e-03
2.100000e+01	2.200000e+01	1.078372e-01	4.047057e-03	4.047057e-03
2.200000e+01	2.300000e+01	1.933475e-01	5.419065e-03	5.419065e-03
2.300000e+01	2.400000e+01	2.354192e-01	5.979654e-03	5.979654e-03
2.400000e+01	2.500000e+01	2.465067e-01	6.118845e-03	6.118845e-03
2.500000e+01	2.600000e+01	2.489368e-01	6.148932e-03	6.148932e-03
2.600000e+01	2.700000e+01	2.536452e-01	6.206809e-03	6.206809e-03
2.700000e+01	2.800000e+01	2.509113e-01	6.173269e-03	6.173269e-03
2.800000e+01	2.900000e+01	2.184083e-01	5.759564e-03	5.759564e-03
2.900000e+01	3.000000e+01	5.543742e-02	2.901727e-03	2.901727e-03
3.000000e+01	3.100000e+01	3.048361e-02	2.643264e-03	2.643264e-03
3.100000e+01	3.200000e+01	1.123080e-01	5.073560e-03	5.073560e-03
3.200000e+01	3.300000e+01	1.918405e-01	6.630977e-03	6.630977e-03
3.300000e+01	3.400000e+01	2.365345e-01	7.362997e-03	7.362997e-03
3.400000e+01	3.500000e+01	2.587669e-01	7.701260e-03	7.701260e-03
3.500000e+01	3.600000e+01	2.365345e-01	7.362997e-03	7.362997e-03
3.600000e+01	3.700000e+01	2.457025e-01	7.504335e-03	7.504335e-03
3.700000e+01	3.800000e+01	2.589961e-01	7.704669e-03	7.704669e-03
3.800000e+01	3.900000e+01	2.044465e-01	6.845374e-03	6.845374e-03
3.900000e+01	4.000000e+01	5.890442e-02	3.674357e-03	3.674357e-03
4.000000e+01	4.100000e+01	3.567753e-02	3.498470e-03	3.498470e-03
4.100000e+01	4.200000e+01	1.197256e-01	6.408762e-03	6.408762e-03
4.200000e+01	4.300000e+01	2.058319e-01	8.403052e-03	8.403052e-03
4.300000e+01	4.400000e+01	2.264151e-01	8.813196e-03	8.813196e-03
4.400000e+01	4.500000e+01	2.490566e-01	9.243358e-03	9.243358e-03
4.500000e+01	4.600000e+01	2.435678e-01	9.140935e-03	9.140935e-03
4.600000e+01	4.700000e+01	2.535163e-01	9.325748e-03	9.325748e-03
4.700000e+01	4.800000e+01	2.538593e-01	9.332055e-03	9.332055e-03
4.800000e+01	4.900000e+01	2.288165e-01	8.859809e-03	8.859809e-03
4.900000e+01	5.000000e+01	6.140652e-02	4.589739e-03	4.589739e-03
5.000000e+01	5.100000e+01	4.826863e-02	5.032352e-03	5.032352e-03
5.100000e+01	5.200000e+01	1.358867e-01	8.443587e-03	8.443587e-03
5.200000e+01	5.300000e+01	2.219307e-01	1.079064e-02	1.079064e-02
5.300000e+01	5.400000e+01	2.444911e-01	1.132583e-02	1.132583e-02
5.400000e+01	5.500000e+01	2.256034e-01	1.087956e-02	1.087956e-02
5.500000e+01	5.600000e+01	2.492130e-01	1.143468e-02	1.143468e-02
5.600000e+01	5.700000e+01	2.654774e-01	1.180191e-02	1.180191e-02
5.700000e+01	5.800000e+01	2.597062e-01	1.167293e-02	1.167293e-02
5.800000e+01	5.900000e+01	2.313746e-01	1.101784e-02	1.101784e-02
5.900000e+01	6.000000e+01	5.089192e-02	5.167291e-03	5.167291e-03
6.000000e+01	6.100000e+01	4.005722e-02	5.352872e-03	5.352872e-03
6.100000e+01	6.200000e+01	1.323319e-01	9.729235e-03	9.729235e-03
6.200000e+01	6.300000e+01	2.296137e-01	1.281579e-02	1.281579e-02
6.300000e+01	6.400000e+01	1.952790e-01	1.181882e-02	1.181882e-02
6.400000e+01	6.500000e+01	2.374821e-01	1.303353e-02	1.303353e-02
6.500000e+01	6.600000e+01	2.567954e-01	1.355314e-02	1.355314e-02
6.600000e+01	6.700000e+01	2.625179e-01	1.370332e-02	1.370332e-02
6.700000e+01	6.800000e+01	2.432046e-01	1.318962e-02	1.318962e-02
6.800000e+01	6.900000e+01	2.060086e-01	1.213917e-02	1.213917e-02
6.900000e+01	7.000000e+01	5.793991e-02	6.437768e-03	6.437768e-03
7.000000e+01	7.100000e+01	6.331878e-02	8.314163e-03	8.314163e-03
7.100000e+01	7.200000e+01	1.757642e-01	1.385216e-02	1.385216e-02
7.200000e+01	7.300000e+01	2.085153e-01	1.508764e-02	1.508764e-02
7.300000e+01	7.400000e+01	2.576419e-01	1.677106e-02	1.677106e-02
7.400000e+01	7.500000e+01	2.412664e-01	1.622933e-02	1.622933e-02
7.500000e+01	7.600000e+01	2.510917e-01	1.655650e-02	1.655650e-02
7.600000e+01	7.700000e+01	2.456332e-01	1.637555e-02	1.637555e-02
7.700000e+01	7.800000e+01	2.620087e-01	1.691259e-02	1.691259e-02
7.800000e+01	7.900000e+01	2.128821e-01	1.524480e-02	1.524480e-02
7.900000e+01	8.000000e+01	5.021834e-02	7.404291e-03	7.404291e-03
8.000000e+01	8.100000e+01	9.303279e-02	6.174803e-03	6.174803e-03
8.100000e+01	8.200000e+01	2.077869e-01	9.228140e-03	9.228140e-03
8.200000e+01	8.300000e+01	2.426230e-01	9.971742e-03	9.971742e-03
8.300000e+01	8.400000e+01	2.557377e-01	1.023770e-02	1.023770e-02
8.400000e+01	8.500000e+01	2.483607e-01	1.008896e-02	1.008896e-02
8.500000e+01	8.600000e+01	2.450820e-01	1.002215e-02	1.002215e-02
8.600000e+01	8.700000e+01	2.508197e-01	1.013878e-02	1.013878e-02
8.700000e+01	8.800000e+01	2.557377e-01	1.023770e-02	1.023770e-02
8.800000e+01	8.900000e+01	1.893443e-01	8.809092e-03	8.809092e-03
8.900000e+01	9.000000e+01	5.000000e-02	4.526787e-03	4.526787e-03
# END HISTO1D


# BEGIN HISTO1D //Users/jenniferroloff/Work/tuningStudies/Lund_Plane_tune.yoda/SoftDropMass/d05-x01-y01
LineColor=lilac
LineStyle=solid
Path=//Users/jenniferroloff/Work/tuningStudies/Lund_Plane_tune.yoda/SoftDropMass/d05-x01-y01
Title=Lund
# xlow	 xhigh	 val	 errminus	 errplus
0.000000e+00	1.000000e+00	1.223022e-02	8.562864e-04	8.562864e-04
1.000000e+00	2.000000e+00	6.223022e-02	1.931535e-03	1.931535e-03
2.000000e+00	3.000000e+00	1.403477e-01	2.900712e-03	2.900712e-03
3.000000e+00	4.000000e+00	2.050360e-01	3.506041e-03	3.506041e-03
4.000000e+00	5.000000e+00	2.332134e-01	3.739200e-03	3.739200e-03
5.000000e+00	6.000000e+00	2.452038e-01	3.834119e-03	3.834119e-03
6.000000e+00	7.000000e+00	2.523381e-01	3.889497e-03	3.889497e-03
7.000000e+00	8.000000e+00	2.692446e-01	4.017681e-03	4.017681e-03
8.000000e+00	9.000000e+00	2.354317e-01	3.756942e-03	3.756942e-03
9.000000e+00	1.000000e+01	6.588729e-02	1.987480e-03	1.987480e-03
1.000000e+01	1.100000e+01	1.288338e-02	1.112954e-03	1.112954e-03
1.100000e+01	1.200000e+01	7.547351e-02	2.693765e-03	2.693765e-03
1.200000e+01	1.300000e+01	1.636381e-01	3.966475e-03	3.966475e-03
1.300000e+01	1.400000e+01	2.148832e-01	4.545312e-03	4.545312e-03
1.400000e+01	1.500000e+01	2.299779e-01	4.702247e-03	4.702247e-03
1.500000e+01	1.600000e+01	2.455533e-01	4.858871e-03	4.858871e-03
1.600000e+01	1.700000e+01	2.560331e-01	4.961472e-03	4.961472e-03
1.700000e+01	1.800000e+01	2.684357e-01	5.080221e-03	5.080221e-03
1.800000e+01	1.900000e+01	2.350736e-01	4.754056e-03	4.754056e-03
1.900000e+01	2.000000e+01	5.893664e-02	2.380429e-03	2.380429e-03
2.000000e+01	2.100000e+01	1.976401e-02	1.707351e-03	1.707351e-03
2.100000e+01	2.200000e+01	9.764012e-02	3.794891e-03	3.794891e-03
2.200000e+01	2.300000e+01	1.768437e-01	5.107166e-03	5.107166e-03
2.300000e+01	2.400000e+01	2.134218e-01	5.610539e-03	5.610539e-03
2.400000e+01	2.500000e+01	2.358407e-01	5.897861e-03	5.897861e-03
2.500000e+01	2.600000e+01	2.473451e-01	6.039998e-03	6.039998e-03
2.600000e+01	2.700000e+01	2.578171e-01	6.166532e-03	6.166532e-03
2.700000e+01	2.800000e+01	2.589971e-01	6.180627e-03	6.180627e-03
2.800000e+01	2.900000e+01	2.287611e-01	5.808663e-03	5.808663e-03
2.900000e+01	3.000000e+01	6.327434e-02	3.054914e-03	3.054914e-03
3.000000e+01	3.100000e+01	2.902494e-02	2.565467e-03	2.565467e-03
3.100000e+01	3.200000e+01	9.909297e-02	4.740259e-03	4.740259e-03
3.200000e+01	3.300000e+01	1.791383e-01	6.373455e-03	6.373455e-03
3.300000e+01	3.400000e+01	2.140590e-01	6.967026e-03	6.967026e-03
3.400000e+01	3.500000e+01	2.260771e-01	7.159934e-03	7.159934e-03
3.500000e+01	3.600000e+01	2.582766e-01	7.652851e-03	7.652851e-03
3.600000e+01	3.700000e+01	2.448980e-01	7.452008e-03	7.452008e-03
3.700000e+01	3.800000e+01	2.707483e-01	7.835443e-03	7.835443e-03
3.800000e+01	3.900000e+01	2.342404e-01	7.288054e-03	7.288054e-03
3.900000e+01	4.000000e+01	6.167800e-02	3.739778e-03	3.739778e-03
4.000000e+01	4.100000e+01	2.505293e-02	2.973236e-03	2.973236e-03
4.100000e+01	4.200000e+01	1.115032e-01	6.272543e-03	6.272543e-03
4.200000e+01	4.300000e+01	1.990120e-01	8.379917e-03	8.379917e-03
4.300000e+01	4.400000e+01	2.300635e-01	9.009983e-03	9.009983e-03
4.400000e+01	4.500000e+01	2.438250e-01	9.275539e-03	9.275539e-03
4.500000e+01	4.600000e+01	2.441778e-01	9.282249e-03	9.282249e-03
4.600000e+01	4.700000e+01	2.621736e-01	9.618217e-03	9.618217e-03
4.700000e+01	4.800000e+01	2.498236e-01	9.388945e-03	9.388945e-03
4.800000e+01	4.900000e+01	2.346507e-01	9.099363e-03	9.099363e-03
4.900000e+01	5.000000e+01	6.527876e-02	4.799390e-03	4.799390e-03
5.000000e+01	5.100000e+01	3.826788e-02	4.389626e-03	4.389626e-03
5.100000e+01	5.200000e+01	1.314199e-01	8.134690e-03	8.134690e-03
5.200000e+01	5.300000e+01	2.064451e-01	1.019560e-02	1.019560e-02
5.300000e+01	5.400000e+01	2.296073e-01	1.075234e-02	1.075234e-02
5.400000e+01	5.500000e+01	2.472306e-01	1.115736e-02	1.115736e-02
5.500000e+01	5.600000e+01	2.366566e-01	1.091615e-02	1.091615e-02
5.600000e+01	5.700000e+01	2.663646e-01	1.158107e-02	1.158107e-02
5.700000e+01	5.800000e+01	2.497482e-01	1.121403e-02	1.121403e-02
5.800000e+01	5.900000e+01	2.240685e-01	1.062186e-02	1.062186e-02
5.900000e+01	6.000000e+01	5.538771e-02	5.281011e-03	5.281011e-03
6.000000e+01	6.100000e+01	4.464286e-02	5.763368e-03	5.763368e-03
6.100000e+01	6.200000e+01	1.309524e-01	9.870907e-03	9.870907e-03
6.200000e+01	6.300000e+01	2.083333e-01	1.245030e-02	1.245030e-02
6.300000e+01	6.400000e+01	2.321429e-01	1.314250e-02	1.314250e-02
6.400000e+01	6.500000e+01	2.470238e-01	1.355719e-02	1.355719e-02
6.500000e+01	6.600000e+01	2.537202e-01	1.373972e-02	1.373972e-02
6.600000e+01	6.700000e+01	2.477679e-01	1.357760e-02	1.357760e-02
6.700000e+01	6.800000e+01	2.514881e-01	1.367915e-02	1.367915e-02
6.800000e+01	6.900000e+01	2.217262e-01	1.284425e-02	1.284425e-02
6.900000e+01	7.000000e+01	5.133929e-02	6.180523e-03	6.180523e-03
7.000000e+01	7.100000e+01	4.959514e-02	7.085020e-03	7.085020e-03
7.100000e+01	7.200000e+01	1.295547e-01	1.145112e-02	1.145112e-02
7.200000e+01	7.300000e+01	2.054656e-01	1.442086e-02	1.442086e-02
7.300000e+01	7.400000e+01	2.327935e-01	1.534995e-02	1.534995e-02
7.400000e+01	7.500000e+01	2.196356e-01	1.490984e-02	1.490984e-02
7.500000e+01	7.600000e+01	2.641700e-01	1.635172e-02	1.635172e-02
7.600000e+01	7.700000e+01	2.540486e-01	1.603540e-02	1.603540e-02
7.700000e+01	7.800000e+01	2.621457e-01	1.628894e-02	1.628894e-02
7.800000e+01	7.900000e+01	2.165992e-01	1.480641e-02	1.480641e-02
7.900000e+01	8.000000e+01	5.161943e-02	7.228166e-03	7.228166e-03
8.000000e+01	8.100000e+01	6.476898e-02	5.169127e-03	5.169127e-03
8.100000e+01	8.200000e+01	1.522277e-01	7.924659e-03	7.924659e-03
8.200000e+01	8.300000e+01	2.219472e-01	9.568823e-03	9.568823e-03
8.300000e+01	8.400000e+01	2.400990e-01	9.952424e-03	9.952424e-03
8.400000e+01	8.500000e+01	2.487624e-01	1.013038e-02	1.013038e-02
8.500000e+01	8.600000e+01	2.400990e-01	9.952424e-03	9.952424e-03
8.600000e+01	8.700000e+01	2.471122e-01	1.009673e-02	1.009673e-02
8.700000e+01	8.800000e+01	2.640264e-01	1.043656e-02	1.043656e-02
8.800000e+01	8.900000e+01	2.066832e-01	9.233923e-03	9.233923e-03
8.900000e+01	9.000000e+01	5.321782e-02	4.685568e-03	4.685568e-03
# END HISTO1D

