# BEGIN PLOT
LegendOnly=/SoftDropMass/d06-x01-y01 //Users/jenniferroloff/Work/tuningStudies/SoftDropMassInclPt_tune.yoda/SoftDropMass/d06-x01-y01 //Users/jenniferroloff/Work/tuningStudies/SoftDropObservablesCalo_tune.yoda/SoftDropMass/d06-x01-y01 //Users/jenniferroloff/Work/tuningStudies/JSSSoftDrop_tune.yoda/SoftDropMass/d06-x01-y01 //Users/jenniferroloff/Work/tuningStudies/ATLAS_tune.yoda/SoftDropMass/d06-x01-y01 //Users/jenniferroloff/Work/tuningStudies/Lund_Plane_tune.yoda/SoftDropMass/d06-x01-y01
DrawOnly=/SoftDropMass/d06-x01-y01 //Users/jenniferroloff/Work/tuningStudies/SoftDropMassInclPt_tune.yoda/SoftDropMass/d06-x01-y01 //Users/jenniferroloff/Work/tuningStudies/SoftDropObservablesCalo_tune.yoda/SoftDropMass/d06-x01-y01 //Users/jenniferroloff/Work/tuningStudies/JSSSoftDrop_tune.yoda/SoftDropMass/d06-x01-y01 //Users/jenniferroloff/Work/tuningStudies/ATLAS_tune.yoda/SoftDropMass/d06-x01-y01 //Users/jenniferroloff/Work/tuningStudies/Lund_Plane_tune.yoda/SoftDropMass/d06-x01-y01
RatioPlotReference=/SoftDropMass/d06-x01-y01
RatioPlot=1
LogY=1
Legend=1
# END PLOT

# BEGIN HISTO1D /SoftDropMass/d06-x01-y01
ConnectBins=0
ErrorBars=1
IsRef=1
Path=/SoftDropMass/d06-x01-y01
PolyMarker=*
Title=Data
# xlow	 xhigh	 val	 errminus	 errplus
0.000000e+00	1.000000e+00	1.451020e-03	7.882910e-04	7.882910e-04
1.000000e+00	2.000000e+00	1.071270e-02	3.272191e-03	3.272191e-03
2.000000e+00	3.000000e+00	5.800300e-02	8.812056e-03	8.812056e-03
3.000000e+00	4.000000e+00	1.452040e-01	1.629867e-02	1.629867e-02
4.000000e+00	5.000000e+00	2.282400e-01	1.592383e-02	1.592383e-02
5.000000e+00	6.000000e+00	2.607350e-01	6.181668e-03	6.181668e-03
6.000000e+00	7.000000e+00	2.509770e-01	3.256076e-02	3.256076e-02
7.000000e+00	8.000000e+00	2.600480e-01	5.048659e-02	5.048659e-02
8.000000e+00	9.000000e+00	2.076820e-01	3.671640e-02	3.671640e-02
9.000000e+00	1.000000e+01	4.855830e-02	7.593570e-03	7.593570e-03
1.000000e+01	1.100000e+01	1.701470e-03	1.420534e-03	1.420534e-03
1.100000e+01	1.200000e+01	1.303100e-02	4.388875e-03	4.388875e-03
1.200000e+01	1.300000e+01	6.584180e-02	7.450886e-03	7.450886e-03
1.300000e+01	1.400000e+01	1.543540e-01	1.918052e-02	1.918052e-02
1.400000e+01	1.500000e+01	2.322490e-01	1.309749e-02	1.309749e-02
1.500000e+01	1.600000e+01	2.580480e-01	1.145924e-02	1.145924e-02
1.600000e+01	1.700000e+01	2.532390e-01	2.840945e-02	2.840945e-02
1.700000e+01	1.800000e+01	2.564630e-01	3.583305e-02	3.583305e-02
1.800000e+01	1.900000e+01	2.160430e-01	2.358462e-02	2.358462e-02
1.900000e+01	2.000000e+01	4.497230e-02	4.589910e-03	4.589910e-03
2.000000e+01	2.100000e+01	2.056070e-03	8.495899e-04	8.495899e-04
2.100000e+01	2.200000e+01	1.625990e-02	3.532864e-03	3.532864e-03
2.200000e+01	2.300000e+01	7.476760e-02	8.029084e-03	8.029084e-03
2.300000e+01	2.400000e+01	1.652030e-01	1.423096e-02	1.423096e-02
2.400000e+01	2.500000e+01	2.336510e-01	1.083591e-02	1.083591e-02
2.500000e+01	2.600000e+01	2.534420e-01	7.248500e-03	7.248500e-03
2.600000e+01	2.700000e+01	2.557160e-01	2.419191e-02	2.419191e-02
2.700000e+01	2.800000e+01	2.571910e-01	2.906411e-02	2.906411e-02
2.800000e+01	2.900000e+01	1.974650e-01	1.836495e-02	1.836495e-02
2.900000e+01	3.000000e+01	4.612460e-02	4.530762e-03	4.530762e-03
3.000000e+01	3.100000e+01	2.780840e-03	1.310385e-03	1.310385e-03
3.100000e+01	3.200000e+01	2.011460e-02	3.388850e-03	3.388850e-03
3.200000e+01	3.300000e+01	8.713480e-02	1.092323e-02	1.092323e-02
3.300000e+01	3.400000e+01	1.776640e-01	2.074160e-02	2.074160e-02
3.400000e+01	3.500000e+01	2.399340e-01	8.934288e-03	8.934288e-03
3.500000e+01	3.600000e+01	2.518430e-01	1.418693e-02	1.418693e-02
3.600000e+01	3.700000e+01	2.516430e-01	2.298751e-02	2.298751e-02
3.700000e+01	3.800000e+01	2.565800e-01	2.301286e-02	2.301286e-02
3.800000e+01	3.900000e+01	1.975050e-01	1.306735e-02	1.306735e-02
3.900000e+01	4.000000e+01	4.586020e-02	3.871779e-03	3.871779e-03
4.000000e+01	4.100000e+01	3.363920e-03	1.271215e-03	1.271215e-03
4.100000e+01	4.200000e+01	2.484960e-02	3.126590e-03	3.126590e-03
4.200000e+01	4.300000e+01	1.011310e-01	1.197961e-02	1.197961e-02
4.300000e+01	4.400000e+01	1.914850e-01	1.806736e-02	1.806736e-02
4.400000e+01	4.500000e+01	2.466870e-01	7.911684e-03	7.911684e-03
4.500000e+01	4.600000e+01	2.490170e-01	1.187303e-02	1.187303e-02
4.600000e+01	4.700000e+01	2.520100e-01	2.138633e-02	2.138633e-02
4.700000e+01	4.800000e+01	2.522850e-01	2.227329e-02	2.227329e-02
4.800000e+01	4.900000e+01	2.181970e-01	1.484489e-02	1.484489e-02
4.900000e+01	5.000000e+01	4.764540e-02	3.682651e-03	3.682651e-03
5.000000e+01	5.100000e+01	3.811130e-03	1.457701e-03	1.457701e-03
5.100000e+01	5.200000e+01	2.918450e-02	3.124059e-03	3.124059e-03
5.200000e+01	5.300000e+01	1.095020e-01	1.340178e-02	1.340178e-02
5.300000e+01	5.400000e+01	2.007790e-01	1.725864e-02	1.725864e-02
5.400000e+01	5.500000e+01	2.595980e-01	7.224288e-03	7.224288e-03
5.500000e+01	5.600000e+01	2.560670e-01	1.223389e-02	1.223389e-02
5.600000e+01	5.700000e+01	2.436480e-01	1.838010e-02	1.838010e-02
5.700000e+01	5.800000e+01	2.406870e-01	1.676567e-02	1.676567e-02
5.800000e+01	5.900000e+01	1.933920e-01	1.195982e-02	1.195982e-02
5.900000e+01	6.000000e+01	4.667260e-02	3.722685e-03	3.722685e-03
6.000000e+01	6.100000e+01	4.413400e-03	1.268990e-03	1.268990e-03
6.100000e+01	6.200000e+01	3.061960e-02	2.639325e-03	2.639325e-03
6.200000e+01	6.300000e+01	1.127680e-01	1.329487e-02	1.329487e-02
6.300000e+01	6.400000e+01	2.018120e-01	1.604639e-02	1.604639e-02
6.400000e+01	6.500000e+01	2.579360e-01	6.583117e-03	6.583117e-03
6.500000e+01	6.600000e+01	2.589620e-01	1.348991e-02	1.348991e-02
6.600000e+01	6.700000e+01	2.474050e-01	1.658657e-02	1.658657e-02
6.700000e+01	6.800000e+01	2.356970e-01	1.519333e-02	1.519333e-02
6.800000e+01	6.900000e+01	1.783890e-01	1.202554e-02	1.202554e-02
6.900000e+01	7.000000e+01	5.033090e-02	4.666089e-03	4.666089e-03
7.000000e+01	7.100000e+01	5.583320e-03	1.243267e-03	1.243267e-03
7.100000e+01	7.200000e+01	3.709650e-02	3.393921e-03	3.393921e-03
7.200000e+01	7.300000e+01	1.233910e-01	1.413413e-02	1.413413e-02
7.300000e+01	7.400000e+01	2.099080e-01	1.386994e-02	1.386994e-02
7.400000e+01	7.500000e+01	2.588650e-01	7.266487e-03	7.266487e-03
7.500000e+01	7.600000e+01	2.612550e-01	1.273858e-02	1.273858e-02
7.600000e+01	7.700000e+01	2.504530e-01	1.341395e-02	1.341395e-02
7.700000e+01	7.800000e+01	2.294280e-01	1.062977e-02	1.062977e-02
7.800000e+01	7.900000e+01	1.808650e-01	1.195040e-02	1.195040e-02
7.900000e+01	8.000000e+01	4.729000e-02	4.827826e-03	4.827826e-03
8.000000e+01	8.100000e+01	1.043100e-02	9.769873e-04	9.769873e-04
8.100000e+01	8.200000e+01	5.868170e-02	6.191277e-03	6.191277e-03
8.200000e+01	8.300000e+01	1.555600e-01	1.730443e-02	1.730443e-02
8.300000e+01	8.400000e+01	2.322070e-01	1.072048e-02	1.072048e-02
8.400000e+01	8.500000e+01	2.695850e-01	7.578822e-03	7.578822e-03
8.500000e+01	8.600000e+01	2.576150e-01	1.069442e-02	1.069442e-02
8.600000e+01	8.700000e+01	2.273400e-01	9.054248e-03	9.054248e-03
8.700000e+01	8.800000e+01	2.454610e-01	7.540339e-03	7.540339e-03
8.800000e+01	8.900000e+01	1.819030e-01	8.450925e-03	8.450925e-03
8.900000e+01	9.000000e+01	3.251530e-02	2.258698e-03	2.258698e-03
# END HISTO1D


# BEGIN HISTO1D //Users/jenniferroloff/Work/tuningStudies/SoftDropMassInclPt_tune.yoda/SoftDropMass/d06-x01-y01
LineColor=red
LineStyle=solid
Path=//Users/jenniferroloff/Work/tuningStudies/SoftDropMassInclPt_tune.yoda/SoftDropMass/d06-x01-y01
Title=SD Mass
# xlow	 xhigh	 val	 errminus	 errplus
0.000000e+00	1.000000e+00	1.282367e-03	2.514929e-04	2.514929e-04
1.000000e+00	2.000000e+00	1.001233e-02	7.027278e-04	7.027278e-04
2.000000e+00	3.000000e+00	5.080148e-02	1.582916e-03	1.582916e-03
3.000000e+00	4.000000e+00	1.360296e-01	2.590218e-03	2.590218e-03
4.000000e+00	5.000000e+00	2.090752e-01	3.211226e-03	3.211226e-03
5.000000e+00	6.000000e+00	2.586930e-01	3.572004e-03	3.572004e-03
6.000000e+00	7.000000e+00	2.610111e-01	3.587972e-03	3.587972e-03
7.000000e+00	8.000000e+00	2.712207e-01	3.657472e-03	3.657472e-03
8.000000e+00	9.000000e+00	2.052281e-01	3.181545e-03	3.181545e-03
9.000000e+00	1.000000e+01	5.208385e-02	1.602769e-03	1.602769e-03
1.000000e+01	1.100000e+01	1.359456e-03	3.297165e-04	3.297165e-04
1.100000e+01	1.200000e+01	1.151539e-02	9.596162e-04	9.596162e-04
1.200000e+01	1.300000e+01	6.341463e-02	2.251920e-03	2.251920e-03
1.300000e+01	1.400000e+01	1.468213e-01	3.426516e-03	3.426516e-03
1.400000e+01	1.500000e+01	2.233507e-01	4.226217e-03	4.226217e-03
1.500000e+01	1.600000e+01	2.509396e-01	4.479636e-03	4.479636e-03
1.600000e+01	1.700000e+01	2.588565e-01	4.549752e-03	4.549752e-03
1.700000e+01	1.800000e+01	2.668533e-01	4.619493e-03	4.619493e-03
1.800000e+01	1.900000e+01	2.068772e-01	4.067378e-03	4.067378e-03
1.900000e+01	2.000000e+01	5.549780e-02	2.106668e-03	2.106668e-03
2.000000e+01	2.100000e+01	1.610505e-03	4.466738e-04	4.466738e-04
2.100000e+01	2.200000e+01	1.449455e-02	1.340022e-03	1.340022e-03
2.200000e+01	2.300000e+01	6.987116e-02	2.942107e-03	2.942107e-03
2.300000e+01	2.400000e+01	1.657582e-01	4.531552e-03	4.531552e-03
2.400000e+01	2.500000e+01	2.280723e-01	5.315520e-03	5.315520e-03
2.500000e+01	2.600000e+01	2.527255e-01	5.595436e-03	5.595436e-03
2.600000e+01	2.700000e+01	2.612735e-01	5.689278e-03	5.689278e-03
2.700000e+01	2.800000e+01	2.579286e-01	5.652743e-03	5.652743e-03
2.800000e+01	2.900000e+01	2.051536e-01	5.041375e-03	5.041375e-03
2.900000e+01	3.000000e+01	5.364222e-02	2.577881e-03	2.577881e-03
3.000000e+01	3.100000e+01	2.999063e-03	7.497657e-04	7.497657e-04
3.100000e+01	3.200000e+01	1.893158e-02	1.883763e-03	1.883763e-03
3.200000e+01	3.300000e+01	7.853796e-02	3.836831e-03	3.836831e-03
3.300000e+01	3.400000e+01	1.617619e-01	5.506441e-03	5.506441e-03
3.400000e+01	3.500000e+01	2.414246e-01	6.727032e-03	6.727032e-03
3.500000e+01	3.600000e+01	2.434864e-01	6.755697e-03	6.755697e-03
3.600000e+01	3.700000e+01	2.517338e-01	6.869159e-03	6.869159e-03
3.700000e+01	3.800000e+01	2.633552e-01	7.025928e-03	7.025928e-03
3.800000e+01	3.900000e+01	2.029991e-01	6.168503e-03	6.168503e-03
3.900000e+01	4.000000e+01	5.323336e-02	3.158819e-03	3.158819e-03
4.000000e+01	4.100000e+01	3.052164e-03	9.202621e-04	9.202621e-04
4.100000e+01	4.200000e+01	1.831299e-02	2.254173e-03	2.254173e-03
4.200000e+01	4.300000e+01	8.490566e-02	4.853734e-03	4.853734e-03
4.300000e+01	4.400000e+01	1.628746e-01	6.722554e-03	6.722554e-03
4.400000e+01	4.500000e+01	2.325194e-01	8.032250e-03	8.032250e-03
4.500000e+01	4.600000e+01	2.475028e-01	8.287006e-03	8.287006e-03
4.600000e+01	4.700000e+01	2.586016e-01	8.470776e-03	8.470776e-03
4.700000e+01	4.800000e+01	2.613762e-01	8.516098e-03	8.516098e-03
4.800000e+01	4.900000e+01	1.950610e-01	7.356867e-03	7.356867e-03
4.900000e+01	5.000000e+01	4.633740e-02	3.585697e-03	3.585697e-03
5.000000e+01	5.100000e+01	1.679966e-03	8.399832e-04	8.399832e-04
5.100000e+01	5.200000e+01	2.267955e-02	3.086295e-03	3.086295e-03
5.200000e+01	5.300000e+01	1.087778e-01	6.759125e-03	6.759125e-03
5.300000e+01	5.400000e+01	1.843763e-01	8.799801e-03	8.799801e-03
5.400000e+01	5.500000e+01	2.335153e-01	9.903256e-03	9.903256e-03
5.500000e+01	5.600000e+01	2.435951e-01	1.011474e-02	1.011474e-02
5.600000e+01	5.700000e+01	2.624948e-01	1.049979e-02	1.049979e-02
5.700000e+01	5.800000e+01	2.603948e-01	1.045771e-02	1.045771e-02
5.800000e+01	5.900000e+01	2.179756e-01	9.568069e-03	9.568069e-03
5.900000e+01	6.000000e+01	5.039899e-02	4.600777e-03	4.600777e-03
6.000000e+01	6.100000e+01	5.107832e-03	1.702611e-03	1.702611e-03
6.100000e+01	6.200000e+01	2.270148e-02	3.589418e-03	3.589418e-03
6.200000e+01	6.300000e+01	1.157775e-01	8.106048e-03	8.106048e-03
6.300000e+01	6.400000e+01	1.872872e-01	1.030982e-02	1.030982e-02
6.400000e+01	6.500000e+01	2.491487e-01	1.189122e-02	1.189122e-02
6.500000e+01	6.600000e+01	2.502838e-01	1.191828e-02	1.191828e-02
6.600000e+01	6.700000e+01	2.610670e-01	1.217231e-02	1.217231e-02
6.700000e+01	6.800000e+01	2.395006e-01	1.165870e-02	1.165870e-02
6.800000e+01	6.900000e+01	1.696935e-01	9.813630e-03	9.813630e-03
6.900000e+01	7.000000e+01	5.051078e-02	5.354132e-03	5.354132e-03
7.000000e+01	7.100000e+01	4.132231e-03	1.847990e-03	1.847990e-03
7.100000e+01	7.200000e+01	3.801653e-02	5.605231e-03	5.605231e-03
7.200000e+01	7.300000e+01	1.305785e-01	1.038827e-02	1.038827e-02
7.300000e+01	7.400000e+01	1.966942e-01	1.274979e-02	1.274979e-02
7.400000e+01	7.500000e+01	2.396694e-01	1.407387e-02	1.407387e-02
7.500000e+01	7.600000e+01	2.338843e-01	1.390298e-02	1.390298e-02
7.600000e+01	7.700000e+01	2.413223e-01	1.412232e-02	1.412232e-02
7.700000e+01	7.800000e+01	2.851240e-01	1.535056e-02	1.535056e-02
7.800000e+01	7.900000e+01	1.859504e-01	1.239669e-02	1.239669e-02
7.900000e+01	8.000000e+01	3.884298e-02	5.665830e-03	5.665830e-03
8.000000e+01	8.100000e+01	7.779579e-03	1.588000e-03	1.588000e-03
8.100000e+01	8.200000e+01	5.024311e-02	4.035624e-03	4.035624e-03
8.200000e+01	8.300000e+01	1.461912e-01	6.883877e-03	6.883877e-03
8.300000e+01	8.400000e+01	2.068071e-01	8.187573e-03	8.187573e-03
8.400000e+01	8.500000e+01	2.538088e-01	9.070385e-03	9.070385e-03
8.500000e+01	8.600000e+01	2.521880e-01	9.041378e-03	9.041378e-03
8.600000e+01	8.700000e+01	2.534846e-01	9.064591e-03	9.064591e-03
8.700000e+01	8.800000e+01	2.405186e-01	8.829717e-03	8.829717e-03
8.800000e+01	8.900000e+01	1.824959e-01	7.691287e-03	7.691287e-03
8.900000e+01	9.000000e+01	4.764992e-02	3.930099e-03	3.930099e-03
# END HISTO1D


# BEGIN HISTO1D //Users/jenniferroloff/Work/tuningStudies/SoftDropObservablesCalo_tune.yoda/SoftDropMass/d06-x01-y01
LineColor=blue
LineStyle=solid
Path=//Users/jenniferroloff/Work/tuningStudies/SoftDropObservablesCalo_tune.yoda/SoftDropMass/d06-x01-y01
Title=SD Obs
# xlow	 xhigh	 val	 errminus	 errplus
0.000000e+00	1.000000e+00	5.855087e-04	1.690218e-04	1.690218e-04
1.000000e+00	2.000000e+00	8.685045e-03	6.509717e-04	6.509717e-04
2.000000e+00	3.000000e+00	4.474262e-02	1.477531e-03	1.477531e-03
3.000000e+00	4.000000e+00	1.243718e-01	2.463412e-03	2.463412e-03
4.000000e+00	5.000000e+00	2.035618e-01	3.151550e-03	3.151550e-03
5.000000e+00	6.000000e+00	2.470847e-01	3.472154e-03	3.472154e-03
6.000000e+00	7.000000e+00	2.634789e-01	3.585493e-03	3.585493e-03
7.000000e+00	8.000000e+00	2.858746e-01	3.734769e-03	3.734769e-03
8.000000e+00	9.000000e+00	2.237619e-01	3.304222e-03	3.304222e-03
9.000000e+00	1.000000e+01	5.820932e-02	1.685281e-03	1.685281e-03
1.000000e+01	1.100000e+01	1.063183e-03	2.841477e-04	2.841477e-04
1.100000e+01	1.200000e+01	9.492710e-03	8.490538e-04	8.490538e-04
1.200000e+01	1.300000e+01	5.353888e-02	2.016391e-03	2.016391e-03
1.300000e+01	1.400000e+01	1.369228e-01	3.224616e-03	3.224616e-03
1.400000e+01	1.500000e+01	2.116495e-01	4.009116e-03	4.009116e-03
1.500000e+01	1.600000e+01	2.473420e-01	4.334002e-03	4.334002e-03
1.600000e+01	1.700000e+01	2.568348e-01	4.416385e-03	4.416385e-03
1.700000e+01	1.800000e+01	2.841738e-01	4.645496e-03	4.645496e-03
1.800000e+01	1.900000e+01	2.185601e-01	4.074042e-03	4.074042e-03
1.900000e+01	2.000000e+01	6.067740e-02	2.146612e-03	2.146612e-03
2.000000e+01	2.100000e+01	1.544677e-03	4.284163e-04	4.284163e-04
2.100000e+01	2.200000e+01	1.342681e-02	1.263087e-03	1.263087e-03
2.200000e+01	2.300000e+01	6.725285e-02	2.826848e-03	2.826848e-03
2.300000e+01	2.400000e+01	1.510219e-01	4.236108e-03	4.236108e-03
2.400000e+01	2.500000e+01	2.122148e-01	5.021518e-03	5.021518e-03
2.500000e+01	2.600000e+01	2.402567e-01	5.342996e-03	5.342996e-03
2.600000e+01	2.700000e+01	2.659221e-01	5.621139e-03	5.621139e-03
2.700000e+01	2.800000e+01	2.816065e-01	5.784535e-03	5.784535e-03
2.800000e+01	2.900000e+01	2.155418e-01	5.060727e-03	5.060727e-03
2.900000e+01	3.000000e+01	6.511407e-02	2.781535e-03	2.781535e-03
3.000000e+01	3.100000e+01	1.945869e-03	5.867017e-04	5.867017e-04
3.100000e+01	3.200000e+01	1.645144e-02	1.705935e-03	1.705935e-03
3.200000e+01	3.300000e+01	6.633646e-02	3.425601e-03	3.425601e-03
3.300000e+01	3.400000e+01	1.462940e-01	5.087141e-03	5.087141e-03
3.400000e+01	3.500000e+01	2.105077e-01	6.102313e-03	6.102313e-03
3.500000e+01	3.600000e+01	2.407571e-01	6.526046e-03	6.526046e-03
3.600000e+01	3.700000e+01	2.672917e-01	6.876275e-03	6.876275e-03
3.700000e+01	3.800000e+01	2.814435e-01	7.055960e-03	7.055960e-03
3.800000e+01	3.900000e+01	2.214753e-01	6.259263e-03	6.259263e-03
3.900000e+01	4.000000e+01	6.226782e-02	3.318885e-03	3.318885e-03
4.000000e+01	4.100000e+01	1.326612e-03	5.932789e-04	5.932789e-04
4.100000e+01	4.200000e+01	1.618466e-02	2.072234e-03	2.072234e-03
4.200000e+01	4.300000e+01	7.933139e-02	4.587852e-03	4.587852e-03
4.300000e+01	4.400000e+01	1.623773e-01	6.563713e-03	6.563713e-03
4.400000e+01	4.500000e+01	2.194216e-01	7.630037e-03	7.630037e-03
4.500000e+01	4.600000e+01	2.377288e-01	7.941963e-03	7.941963e-03
4.600000e+01	4.700000e+01	2.613425e-01	8.327066e-03	8.327066e-03
4.700000e+01	4.800000e+01	2.815070e-01	8.642344e-03	8.642344e-03
4.800000e+01	4.900000e+01	2.186256e-01	7.616185e-03	7.616185e-03
4.900000e+01	5.000000e+01	5.651366e-02	3.872253e-03	3.872253e-03
5.000000e+01	5.100000e+01	3.737542e-03	1.245847e-03	1.245847e-03
5.100000e+01	5.200000e+01	2.574751e-02	3.269937e-03	3.269937e-03
5.200000e+01	5.300000e+01	8.513289e-02	5.945939e-03	5.945939e-03
5.300000e+01	5.400000e+01	1.864618e-01	8.799676e-03	8.799676e-03
5.400000e+01	5.500000e+01	2.304817e-01	9.783404e-03	9.783404e-03
5.500000e+01	5.600000e+01	2.383721e-01	9.949459e-03	9.949459e-03
5.600000e+01	5.700000e+01	2.512458e-01	1.021460e-02	1.021460e-02
5.700000e+01	5.800000e+01	2.799003e-01	1.078136e-02	1.078136e-02
5.800000e+01	5.900000e+01	2.271595e-01	9.712638e-03	9.712638e-03
5.900000e+01	6.000000e+01	5.980066e-02	4.983388e-03	4.983388e-03
6.000000e+01	6.100000e+01	1.711352e-03	9.880495e-04	9.880495e-04
6.100000e+01	6.200000e+01	2.567028e-02	3.826700e-03	3.826700e-03
6.200000e+01	6.300000e+01	9.127210e-02	7.215693e-03	7.215693e-03
6.300000e+01	6.400000e+01	1.882487e-01	1.036275e-02	1.036275e-02
6.400000e+01	6.500000e+01	2.424415e-01	1.176014e-02	1.176014e-02
6.500000e+01	6.600000e+01	2.270394e-01	1.138046e-02	1.138046e-02
6.600000e+01	6.700000e+01	2.521392e-01	1.199304e-02	1.199304e-02
6.700000e+01	6.800000e+01	2.783799e-01	1.260167e-02	1.260167e-02
6.800000e+01	6.900000e+01	2.019395e-01	1.073296e-02	1.073296e-02
6.900000e+01	7.000000e+01	5.305191e-02	5.501227e-03	5.501227e-03
7.000000e+01	7.100000e+01	1.563722e-03	1.105718e-03	1.105718e-03
7.100000e+01	7.200000e+01	3.518374e-02	5.244882e-03	5.244882e-03
7.200000e+01	7.300000e+01	8.835027e-02	8.311295e-03	8.311295e-03
7.300000e+01	7.400000e+01	1.602815e-01	1.119454e-02	1.119454e-02
7.400000e+01	7.500000e+01	2.306489e-01	1.342890e-02	1.342890e-02
7.500000e+01	7.600000e+01	2.470680e-01	1.389866e-02	1.389866e-02
7.600000e+01	7.700000e+01	2.462862e-01	1.387665e-02	1.387665e-02
7.700000e+01	7.800000e+01	2.759969e-01	1.468983e-02	1.468983e-02
7.800000e+01	7.900000e+01	2.142299e-01	1.294210e-02	1.294210e-02
7.900000e+01	8.000000e+01	5.003909e-02	6.254887e-03	6.254887e-03
8.000000e+01	8.100000e+01	8.852355e-03	1.672938e-03	1.672938e-03
8.100000e+01	8.200000e+01	4.773949e-02	3.884984e-03	3.884984e-03
8.200000e+01	8.300000e+01	1.391084e-01	6.631735e-03	6.631735e-03
8.300000e+01	8.400000e+01	2.096111e-01	8.140622e-03	8.140622e-03
8.400000e+01	8.500000e+01	2.241543e-01	8.418291e-03	8.418291e-03
8.500000e+01	8.600000e+01	2.434398e-01	8.772960e-03	8.772960e-03
8.600000e+01	8.700000e+01	2.718938e-01	9.271500e-03	9.271500e-03
8.700000e+01	8.800000e+01	2.605122e-01	9.075372e-03	9.075372e-03
8.800000e+01	8.900000e+01	2.017072e-01	7.985666e-03	7.985666e-03
8.900000e+01	9.000000e+01	5.248182e-02	4.073379e-03	4.073379e-03
# END HISTO1D


# BEGIN HISTO1D //Users/jenniferroloff/Work/tuningStudies/JSSSoftDrop_tune.yoda/SoftDropMass/d06-x01-y01
LineColor=green
LineStyle=solid
Path=//Users/jenniferroloff/Work/tuningStudies/JSSSoftDrop_tune.yoda/SoftDropMass/d06-x01-y01
Title=JSS Obs
# xlow	 xhigh	 val	 errminus	 errplus
0.000000e+00	1.000000e+00	1.381965e-03	2.611669e-04	2.611669e-04
1.000000e+00	2.000000e+00	7.847589e-03	6.223543e-04	6.223543e-04
2.000000e+00	3.000000e+00	5.177434e-02	1.598552e-03	1.598552e-03
3.000000e+00	4.000000e+00	1.305464e-01	2.538353e-03	2.538353e-03
4.000000e+00	5.000000e+00	2.084793e-01	3.207755e-03	3.207755e-03
5.000000e+00	6.000000e+00	2.531464e-01	3.534723e-03	3.534723e-03
6.000000e+00	7.000000e+00	2.656828e-01	3.621190e-03	3.621190e-03
7.000000e+00	8.000000e+00	2.726914e-01	3.668641e-03	3.668641e-03
8.000000e+00	9.000000e+00	2.025073e-01	3.161476e-03	3.161476e-03
9.000000e+00	1.000000e+01	5.078723e-02	1.583240e-03	1.583240e-03
1.000000e+01	1.100000e+01	6.395907e-04	2.261295e-04	2.261295e-04
1.100000e+01	1.200000e+01	1.159258e-02	9.627114e-04	9.627114e-04
1.200000e+01	1.300000e+01	5.780301e-02	2.149717e-03	2.149717e-03
1.300000e+01	1.400000e+01	1.439079e-01	3.391942e-03	3.391942e-03
1.400000e+01	1.500000e+01	2.196194e-01	4.190265e-03	4.190265e-03
1.500000e+01	1.600000e+01	2.440838e-01	4.417489e-03	4.417489e-03
1.600000e+01	1.700000e+01	2.601535e-01	4.560589e-03	4.560589e-03
1.700000e+01	1.800000e+01	2.761433e-01	4.698652e-03	4.698652e-03
1.800000e+01	1.900000e+01	2.068276e-01	4.066403e-03	4.066403e-03
1.900000e+01	2.000000e+01	5.068756e-02	2.013060e-03	2.013060e-03
2.000000e+01	2.100000e+01	1.456311e-03	4.204006e-04	4.204006e-04
2.100000e+01	2.200000e+01	1.516990e-02	1.356837e-03	1.356837e-03
2.200000e+01	2.300000e+01	6.359223e-02	2.778040e-03	2.778040e-03
2.300000e+01	2.400000e+01	1.564320e-01	4.357117e-03	4.357117e-03
2.400000e+01	2.500000e+01	2.251214e-01	5.226906e-03	5.226906e-03
2.500000e+01	2.600000e+01	2.565534e-01	5.579885e-03	5.579885e-03
2.600000e+01	2.700000e+01	2.514563e-01	5.524178e-03	5.524178e-03
2.700000e+01	2.800000e+01	2.668689e-01	5.690959e-03	5.690959e-03
2.800000e+01	2.900000e+01	1.959951e-01	4.877071e-03	4.877071e-03
2.900000e+01	3.000000e+01	5.303398e-02	2.536959e-03	2.536959e-03
3.000000e+01	3.100000e+01	3.345103e-03	7.884483e-04	7.884483e-04
3.100000e+01	3.200000e+01	1.821223e-02	1.839713e-03	1.839713e-03
3.200000e+01	3.300000e+01	8.399926e-02	3.950992e-03	3.950992e-03
3.300000e+01	3.400000e+01	1.653968e-01	5.544112e-03	5.544112e-03
3.400000e+01	3.500000e+01	2.343431e-01	6.599249e-03	6.599249e-03
3.500000e+01	3.600000e+01	2.427058e-01	6.715968e-03	6.715968e-03
3.600000e+01	3.700000e+01	2.601747e-01	6.953461e-03	6.953461e-03
3.700000e+01	3.800000e+01	2.627764e-01	6.988142e-03	6.988142e-03
3.800000e+01	3.900000e+01	2.059097e-01	6.185957e-03	6.185957e-03
3.900000e+01	4.000000e+01	4.887567e-02	3.013803e-03	3.013803e-03
4.000000e+01	4.100000e+01	2.530934e-03	8.436445e-04	8.436445e-04
4.100000e+01	4.200000e+01	1.940382e-02	2.335946e-03	2.335946e-03
4.200000e+01	4.300000e+01	9.195726e-02	5.085248e-03	5.085248e-03
4.300000e+01	4.400000e+01	1.822272e-01	7.158561e-03	7.158561e-03
4.400000e+01	4.500000e+01	2.258155e-01	7.968857e-03	7.968857e-03
4.500000e+01	4.600000e+01	2.663105e-01	8.653927e-03	8.653927e-03
4.600000e+01	4.700000e+01	2.471879e-01	8.337439e-03	8.337439e-03
4.700000e+01	4.800000e+01	2.606862e-01	8.562057e-03	8.562057e-03
4.800000e+01	4.900000e+01	1.878515e-01	7.268194e-03	7.268194e-03
4.900000e+01	5.000000e+01	4.893138e-02	3.709478e-03	3.709478e-03
5.000000e+01	5.100000e+01	1.665973e-03	8.329863e-04	8.329863e-04
5.100000e+01	5.200000e+01	2.249063e-02	3.060587e-03	3.060587e-03
5.200000e+01	5.300000e+01	9.912536e-02	6.425343e-03	6.425343e-03
5.300000e+01	5.400000e+01	1.886714e-01	8.864555e-03	8.864555e-03
5.400000e+01	5.500000e+01	2.236568e-01	9.651504e-03	9.651504e-03
5.500000e+01	5.600000e+01	2.478134e-01	1.015936e-02	1.015936e-02
5.600000e+01	5.700000e+01	2.802999e-01	1.080477e-02	1.080477e-02
5.700000e+01	5.800000e+01	2.482299e-01	1.016789e-02	1.016789e-02
5.800000e+01	5.900000e+01	1.895044e-01	8.884102e-03	8.884102e-03
5.900000e+01	6.000000e+01	5.122865e-02	4.619132e-03	4.619132e-03
6.000000e+01	6.100000e+01	3.452244e-03	1.409373e-03	1.409373e-03
6.100000e+01	6.200000e+01	3.107020e-02	4.228118e-03	4.228118e-03
6.200000e+01	6.300000e+01	1.047181e-01	7.762219e-03	7.762219e-03
6.300000e+01	6.400000e+01	1.806674e-01	1.019565e-02	1.019565e-02
6.400000e+01	6.500000e+01	2.353280e-01	1.163622e-02	1.163622e-02
6.500000e+01	6.600000e+01	2.543153e-01	1.209654e-02	1.209654e-02
6.600000e+01	6.700000e+01	2.566168e-01	1.215116e-02	1.215116e-02
6.700000e+01	6.800000e+01	2.537399e-01	1.208286e-02	1.208286e-02
6.800000e+01	6.900000e+01	1.921749e-01	1.051534e-02	1.051534e-02
6.900000e+01	7.000000e+01	4.257768e-02	4.949555e-03	4.949555e-03
7.000000e+01	7.100000e+01	2.516779e-03	1.453063e-03	1.453063e-03
7.100000e+01	7.200000e+01	4.278523e-02	5.991131e-03	5.991131e-03
7.200000e+01	7.300000e+01	1.241611e-01	1.020598e-02	1.020598e-02
7.300000e+01	7.400000e+01	1.728188e-01	1.204086e-02	1.204086e-02
7.400000e+01	7.500000e+01	2.357383e-01	1.406297e-02	1.406297e-02
7.500000e+01	7.600000e+01	2.483221e-01	1.443343e-02	1.443343e-02
7.600000e+01	7.700000e+01	2.802013e-01	1.533193e-02	1.533193e-02
7.700000e+01	7.800000e+01	2.357383e-01	1.406297e-02	1.406297e-02
7.800000e+01	7.900000e+01	1.854027e-01	1.247154e-02	1.247154e-02
7.900000e+01	8.000000e+01	4.194631e-02	5.932104e-03	5.932104e-03
8.000000e+01	8.100000e+01	7.103649e-03	1.514503e-03	1.514503e-03
8.100000e+01	8.200000e+01	5.166290e-02	4.084310e-03	4.084310e-03
8.200000e+01	8.300000e+01	1.478851e-01	6.910215e-03	6.910215e-03
8.300000e+01	8.400000e+01	2.108492e-01	8.251167e-03	8.251167e-03
8.400000e+01	8.500000e+01	2.479819e-01	8.948277e-03	8.948277e-03
8.500000e+01	8.600000e+01	2.631579e-01	9.218019e-03	9.218019e-03
8.600000e+01	8.700000e+01	2.508880e-01	9.000556e-03	9.000556e-03
8.700000e+01	8.800000e+01	2.379722e-01	8.765820e-03	8.765820e-03
8.800000e+01	8.900000e+01	1.798515e-01	7.620551e-03	7.620551e-03
8.900000e+01	9.000000e+01	4.294479e-02	3.723786e-03	3.723786e-03
# END HISTO1D


# BEGIN HISTO1D //Users/jenniferroloff/Work/tuningStudies/ATLAS_tune.yoda/SoftDropMass/d06-x01-y01
LineColor=orange
LineStyle=solid
Path=//Users/jenniferroloff/Work/tuningStudies/ATLAS_tune.yoda/SoftDropMass/d06-x01-y01
Title=ATLAS
# xlow	 xhigh	 val	 errminus	 errplus
0.000000e+00	1.000000e+00	2.283568e-03	3.404143e-04	3.404143e-04
1.000000e+00	2.000000e+00	1.151933e-02	7.645650e-04	7.645650e-04
2.000000e+00	3.000000e+00	5.587131e-02	1.683818e-03	1.683818e-03
3.000000e+00	4.000000e+00	1.491424e-01	2.751068e-03	2.751068e-03
4.000000e+00	5.000000e+00	2.257181e-01	3.384417e-03	3.384417e-03
5.000000e+00	6.000000e+00	2.588044e-01	3.623987e-03	3.623987e-03
6.000000e+00	7.000000e+00	2.561656e-01	3.605464e-03	3.605464e-03
7.000000e+00	8.000000e+00	2.593119e-01	3.627538e-03	3.627538e-03
8.000000e+00	9.000000e+00	2.033391e-01	3.212264e-03	3.212264e-03
9.000000e+00	1.000000e+01	4.820867e-02	1.564096e-03	1.564096e-03
1.000000e+01	1.100000e+01	1.200768e-03	3.100371e-04	3.100371e-04
1.100000e+01	1.200000e+01	1.496958e-02	1.094684e-03	1.094684e-03
1.200000e+01	1.300000e+01	7.076529e-02	2.380094e-03	2.380094e-03
1.300000e+01	1.400000e+01	1.579411e-01	3.555753e-03	3.555753e-03
1.400000e+01	1.500000e+01	2.276657e-01	4.269065e-03	4.269065e-03
1.500000e+01	1.600000e+01	2.531220e-01	4.501414e-03	4.501414e-03
1.600000e+01	1.700000e+01	2.615274e-01	4.575543e-03	4.575543e-03
1.700000e+01	1.800000e+01	2.576849e-01	4.541806e-03	4.541806e-03
1.800000e+01	1.900000e+01	1.873999e-01	3.873190e-03	3.873190e-03
1.900000e+01	2.000000e+01	4.658982e-02	1.931210e-03	1.931210e-03
2.000000e+01	2.100000e+01	2.992892e-03	6.109215e-04	6.109215e-04
2.100000e+01	2.200000e+01	1.833146e-02	1.511954e-03	1.511954e-03
2.200000e+01	2.300000e+01	8.143160e-02	3.186664e-03	3.186664e-03
2.300000e+01	2.400000e+01	1.742112e-01	4.660988e-03	4.660988e-03
2.400000e+01	2.500000e+01	2.376855e-01	5.444290e-03	5.444290e-03
2.500000e+01	2.600000e+01	2.582616e-01	5.675052e-03	5.675052e-03
2.600000e+01	2.700000e+01	2.560170e-01	5.650336e-03	5.650336e-03
2.700000e+01	2.800000e+01	2.480359e-01	5.561567e-03	5.561567e-03
2.800000e+01	2.900000e+01	1.894251e-01	4.860251e-03	4.860251e-03
2.900000e+01	3.000000e+01	4.576631e-02	2.388982e-03	2.388982e-03
3.000000e+01	3.100000e+01	3.392386e-03	7.995930e-04	7.995930e-04
3.100000e+01	3.200000e+01	1.922352e-02	1.903412e-03	1.903412e-03
3.200000e+01	3.300000e+01	9.272522e-02	4.180376e-03	4.180376e-03
3.300000e+01	3.400000e+01	1.735771e-01	5.719559e-03	5.719559e-03
3.400000e+01	3.500000e+01	2.448172e-01	6.792620e-03	6.792620e-03
3.500000e+01	3.600000e+01	2.500942e-01	6.865437e-03	6.865437e-03
3.600000e+01	3.700000e+01	2.523558e-01	6.896409e-03	6.896409e-03
3.700000e+01	3.800000e+01	2.527328e-01	6.901558e-03	6.901558e-03
3.800000e+01	3.900000e+01	1.756502e-01	5.753614e-03	5.753614e-03
3.900000e+01	4.000000e+01	4.900113e-02	3.038921e-03	3.038921e-03
4.000000e+01	4.100000e+01	1.142204e-03	5.711023e-04	5.711023e-04
4.100000e+01	4.200000e+01	2.341519e-02	2.585775e-03	2.585775e-03
4.200000e+01	4.300000e+01	1.053684e-01	5.485258e-03	5.485258e-03
4.300000e+01	4.400000e+01	1.853227e-01	7.274552e-03	7.274552e-03
4.400000e+01	4.500000e+01	2.398629e-01	8.276058e-03	8.276058e-03
4.500000e+01	4.600000e+01	2.427184e-01	8.325174e-03	8.325174e-03
4.600000e+01	4.700000e+01	2.592804e-01	8.604523e-03	8.604523e-03
4.700000e+01	4.800000e+01	2.581382e-01	8.585549e-03	8.585549e-03
4.800000e+01	4.900000e+01	1.990291e-01	7.538766e-03	7.538766e-03
4.900000e+01	5.000000e+01	5.168475e-02	3.841698e-03	3.841698e-03
5.000000e+01	5.100000e+01	4.344049e-03	1.373709e-03	1.373709e-03
5.100000e+01	5.200000e+01	3.475239e-02	3.885436e-03	3.885436e-03
5.200000e+01	5.300000e+01	1.168549e-01	7.124769e-03	7.124769e-03
5.300000e+01	5.400000e+01	2.076455e-01	9.497485e-03	9.497485e-03
5.400000e+01	5.500000e+01	2.376195e-01	1.015988e-02	1.015988e-02
5.500000e+01	5.600000e+01	2.441355e-01	1.029824e-02	1.029824e-02
5.600000e+01	5.700000e+01	2.589053e-01	1.060517e-02	1.060517e-02
5.700000e+01	5.800000e+01	2.593397e-01	1.061407e-02	1.061407e-02
5.800000e+01	5.900000e+01	2.024327e-01	9.377512e-03	9.377512e-03
5.900000e+01	6.000000e+01	4.213727e-02	4.278392e-03	4.278392e-03
6.000000e+01	6.100000e+01	6.082725e-03	1.923526e-03	1.923526e-03
6.100000e+01	6.200000e+01	3.467153e-02	4.592357e-03	4.592357e-03
6.200000e+01	6.300000e+01	1.113139e-01	8.228558e-03	8.228558e-03
6.300000e+01	6.400000e+01	2.080292e-01	1.124893e-02	1.124893e-02
6.400000e+01	6.500000e+01	2.262774e-01	1.173194e-02	1.173194e-02
6.500000e+01	6.600000e+01	2.627737e-01	1.264271e-02	1.264271e-02
6.600000e+01	6.700000e+01	2.621655e-01	1.262806e-02	1.262806e-02
6.700000e+01	6.800000e+01	2.487835e-01	1.230155e-02	1.230155e-02
6.800000e+01	6.900000e+01	1.836983e-01	1.057065e-02	1.057065e-02
6.900000e+01	7.000000e+01	4.927007e-02	5.474452e-03	5.474452e-03
7.000000e+01	7.100000e+01	6.289308e-03	2.377135e-03	2.377135e-03
7.100000e+01	7.200000e+01	4.941599e-02	6.663251e-03	6.663251e-03
7.200000e+01	7.300000e+01	1.338724e-01	1.096726e-02	1.096726e-02
7.300000e+01	7.400000e+01	2.120395e-01	1.380260e-02	1.380260e-02
7.400000e+01	7.500000e+01	2.300090e-01	1.437556e-02	1.437556e-02
7.500000e+01	7.600000e+01	2.587601e-01	1.524759e-02	1.524759e-02
7.600000e+01	7.700000e+01	2.578616e-01	1.522109e-02	1.522109e-02
7.700000e+01	7.800000e+01	2.533693e-01	1.508792e-02	1.508792e-02
7.800000e+01	7.900000e+01	1.832884e-01	1.283275e-02	1.283275e-02
7.900000e+01	8.000000e+01	4.132974e-02	6.093738e-03	6.093738e-03
8.000000e+01	8.100000e+01	1.102573e-02	1.919333e-03	1.919333e-03
8.100000e+01	8.200000e+01	5.613097e-02	4.330598e-03	4.330598e-03
8.200000e+01	8.300000e+01	1.767457e-01	7.684598e-03	7.684598e-03
8.300000e+01	8.400000e+01	2.295356e-01	8.757329e-03	8.757329e-03
8.400000e+01	8.500000e+01	2.649516e-01	9.408706e-03	9.408706e-03
8.500000e+01	8.600000e+01	2.375543e-01	8.908982e-03	8.908982e-03
8.600000e+01	8.700000e+01	2.512529e-01	9.162251e-03	9.162251e-03
8.700000e+01	8.800000e+01	2.462412e-01	9.070412e-03	9.070412e-03
8.800000e+01	8.900000e+01	1.620448e-01	7.358074e-03	7.358074e-03
8.900000e+01	9.000000e+01	4.076178e-02	3.690398e-03	3.690398e-03
# END HISTO1D


# BEGIN HISTO1D //Users/jenniferroloff/Work/tuningStudies/Lund_Plane_tune.yoda/SoftDropMass/d06-x01-y01
LineColor=lilac
LineStyle=solid
Path=//Users/jenniferroloff/Work/tuningStudies/Lund_Plane_tune.yoda/SoftDropMass/d06-x01-y01
Title=Lund
# xlow	 xhigh	 val	 errminus	 errplus
0.000000e+00	1.000000e+00	9.186486e-04	2.165276e-04	2.165276e-04
1.000000e+00	2.000000e+00	8.880269e-03	6.732115e-04	6.732115e-04
2.000000e+00	3.000000e+00	5.389405e-02	1.658475e-03	1.658475e-03
3.000000e+00	4.000000e+00	1.350413e-01	2.625257e-03	2.625257e-03
4.000000e+00	5.000000e+00	2.137899e-01	3.303179e-03	3.303179e-03
5.000000e+00	6.000000e+00	2.529346e-01	3.592879e-03	3.592879e-03
6.000000e+00	7.000000e+00	2.602838e-01	3.644702e-03	3.644702e-03
7.000000e+00	8.000000e+00	2.729917e-01	3.732614e-03	3.732614e-03
8.000000e+00	9.000000e+00	2.111871e-01	3.283009e-03	3.283009e-03
9.000000e+00	1.000000e+01	5.649689e-02	1.698051e-03	1.698051e-03
1.000000e+01	1.100000e+01	5.691520e-04	2.151192e-04	2.151192e-04
1.100000e+01	1.200000e+01	1.211481e-02	9.924836e-04	9.924836e-04
1.200000e+01	1.300000e+01	6.480202e-02	2.295405e-03	2.295405e-03
1.300000e+01	1.400000e+01	1.548906e-01	3.548769e-03	3.548769e-03
1.400000e+01	1.500000e+01	2.179039e-01	4.209180e-03	4.209180e-03
1.500000e+01	1.600000e+01	2.523782e-01	4.529925e-03	4.529925e-03
1.600000e+01	1.700000e+01	2.588828e-01	4.587930e-03	4.587930e-03
1.700000e+01	1.800000e+01	2.708350e-01	4.692643e-03	4.692643e-03
1.800000e+01	1.900000e+01	2.090414e-01	4.122696e-03	4.122696e-03
1.900000e+01	2.000000e+01	5.024799e-02	2.021270e-03	2.021270e-03
2.000000e+01	2.100000e+01	2.104742e-03	5.104749e-04	5.104749e-04
2.100000e+01	2.200000e+01	1.337130e-02	1.286654e-03	1.286654e-03
2.200000e+01	2.300000e+01	7.886592e-02	3.124781e-03	3.124781e-03
2.300000e+01	2.400000e+01	1.618175e-01	4.475976e-03	4.475976e-03
2.400000e+01	2.500000e+01	2.295407e-01	5.330952e-03	5.330952e-03
2.500000e+01	2.600000e+01	2.467500e-01	5.527179e-03	5.527179e-03
2.600000e+01	2.700000e+01	2.643308e-01	5.720696e-03	5.720696e-03
2.700000e+01	2.800000e+01	2.593785e-01	5.666853e-03	5.666853e-03
2.800000e+01	2.900000e+01	2.025505e-01	5.007738e-03	5.007738e-03
2.900000e+01	3.000000e+01	5.360901e-02	2.576285e-03	2.576285e-03
3.000000e+01	3.100000e+01	1.527592e-03	5.400854e-04	5.400854e-04
3.100000e+01	3.200000e+01	1.775826e-02	1.841446e-03	1.841446e-03
3.200000e+01	3.300000e+01	8.840939e-02	4.108733e-03	4.108733e-03
3.300000e+01	3.400000e+01	1.686080e-01	5.674111e-03	5.674111e-03
3.400000e+01	3.500000e+01	2.188276e-01	6.464125e-03	6.464125e-03
3.500000e+01	3.600000e+01	2.564445e-01	6.997702e-03	6.997702e-03
3.600000e+01	3.700000e+01	2.522437e-01	6.940150e-03	6.940150e-03
3.700000e+01	3.800000e+01	2.724842e-01	7.213224e-03	7.213224e-03
3.800000e+01	3.900000e+01	2.045064e-01	6.249024e-03	6.249024e-03
3.900000e+01	4.000000e+01	5.212908e-02	3.154996e-03	3.154996e-03
4.000000e+01	4.100000e+01	2.359186e-03	8.340983e-04	8.340983e-04
4.100000e+01	4.200000e+01	2.211737e-02	2.553894e-03	2.553894e-03
4.200000e+01	4.300000e+01	8.964907e-02	5.141727e-03	5.141727e-03
4.300000e+01	4.400000e+01	1.875553e-01	7.437051e-03	7.437051e-03
4.400000e+01	4.500000e+01	2.368033e-01	8.356607e-03	8.356607e-03
4.500000e+01	4.600000e+01	2.459451e-01	8.516384e-03	8.516384e-03
4.600000e+01	4.700000e+01	2.695370e-01	8.915492e-03	8.915492e-03
4.700000e+01	4.800000e+01	2.477145e-01	8.546964e-03	8.546964e-03
4.800000e+01	4.900000e+01	2.058390e-01	7.791121e-03	7.791121e-03
4.900000e+01	5.000000e+01	5.455618e-02	4.011050e-03	4.011050e-03
5.000000e+01	5.100000e+01	3.802281e-03	1.267427e-03	1.267427e-03
5.100000e+01	5.200000e+01	2.788340e-02	3.432209e-03	3.432209e-03
5.200000e+01	5.300000e+01	1.123785e-01	6.890370e-03	6.890370e-03
5.300000e+01	5.400000e+01	2.036333e-01	9.275242e-03	9.275242e-03
5.400000e+01	5.500000e+01	2.420786e-01	1.011298e-02	1.011298e-02
5.500000e+01	5.600000e+01	2.408112e-01	1.008647e-02	1.008647e-02
5.600000e+01	5.700000e+01	2.627799e-01	1.053651e-02	1.053651e-02
5.700000e+01	5.800000e+01	2.543304e-01	1.036573e-02	1.036573e-02
5.800000e+01	5.900000e+01	1.939163e-01	9.051240e-03	9.051240e-03
5.900000e+01	6.000000e+01	4.647233e-02	4.430963e-03	4.430963e-03
6.000000e+01	6.100000e+01	4.326329e-03	1.635198e-03	1.635198e-03
6.100000e+01	6.200000e+01	3.399258e-02	4.583559e-03	4.583559e-03
6.200000e+01	6.300000e+01	1.131026e-01	8.360785e-03	8.360785e-03
6.300000e+01	6.400000e+01	1.903585e-01	1.084668e-02	1.084668e-02
6.400000e+01	6.500000e+01	2.515451e-01	1.246863e-02	1.246863e-02
6.500000e+01	6.600000e+01	2.472188e-01	1.236094e-02	1.236094e-02
6.600000e+01	6.700000e+01	2.558714e-01	1.257540e-02	1.257540e-02
6.700000e+01	6.800000e+01	2.453646e-01	1.231450e-02	1.231450e-02
6.800000e+01	6.900000e+01	1.915946e-01	1.088184e-02	1.088184e-02
6.900000e+01	7.000000e+01	4.264524e-02	5.133884e-03	5.133884e-03
7.000000e+01	7.100000e+01	7.679181e-03	2.559727e-03	2.559727e-03
7.100000e+01	7.200000e+01	2.474403e-02	4.594850e-03	4.594850e-03
7.200000e+01	7.300000e+01	1.151877e-01	9.913780e-03	9.913780e-03
7.300000e+01	7.400000e+01	2.107509e-01	1.340975e-02	1.340975e-02
7.400000e+01	7.500000e+01	2.252560e-01	1.386355e-02	1.386355e-02
7.500000e+01	7.600000e+01	2.542662e-01	1.472925e-02	1.472925e-02
7.600000e+01	7.700000e+01	2.653584e-01	1.504709e-02	1.504709e-02
7.700000e+01	7.800000e+01	2.551195e-01	1.475394e-02	1.475394e-02
7.800000e+01	7.900000e+01	1.919795e-01	1.279864e-02	1.279864e-02
7.900000e+01	8.000000e+01	4.436860e-02	6.152818e-03	6.152818e-03
8.000000e+01	8.100000e+01	8.656510e-03	1.731302e-03	1.731302e-03
8.100000e+01	8.200000e+01	4.605263e-02	3.993269e-03	3.993269e-03
8.200000e+01	8.300000e+01	1.481994e-01	7.163491e-03	7.163491e-03
8.300000e+01	8.400000e+01	2.143352e-01	8.614858e-03	8.614858e-03
8.400000e+01	8.500000e+01	2.500000e-01	9.304037e-03	9.304037e-03
8.500000e+01	8.600000e+01	2.430748e-01	9.174267e-03	9.174267e-03
8.600000e+01	8.700000e+01	2.531163e-01	9.361846e-03	9.361846e-03
8.700000e+01	8.800000e+01	2.538089e-01	9.374645e-03	9.374645e-03
8.800000e+01	8.900000e+01	1.786704e-01	7.865524e-03	7.865524e-03
8.900000e+01	9.000000e+01	4.466759e-02	3.932762e-03	3.932762e-03
# END HISTO1D

