# BEGIN PLOT
XTwosidedTicks=1
YTwosidedTicks=1
Title=Dijet selection, soft-dropped
RatioPlotReference=/ATLAS_2019_I1724098/d24-x01-y01
RatioPlot=1
LogY=0
LegendOnly=/ATLAS_2019_I1724098/d24-x01-y01 //Users/jenniferroloff/Work/tuningStudies/SoftDropObservablesCalo_tune.yoda/ATLAS_2019_I1724098/d24-x01-y01 //Users/jenniferroloff/Work/tuningStudies/SoftDropObservablesTrack_tune.yoda/ATLAS_2019_I1724098/d24-x01-y01
XLabel=$C_2$
LegendAlign=r
YLabel=$\dfrac{1}{\sigma} \; \dfrac{\text{d}\sigma}{\text{d} C_2}$
DrawOnly=/ATLAS_2019_I1724098/d24-x01-y01 //Users/jenniferroloff/Work/tuningStudies/SoftDropObservablesCalo_tune.yoda/ATLAS_2019_I1724098/d24-x01-y01 //Users/jenniferroloff/Work/tuningStudies/SoftDropObservablesTrack_tune.yoda/ATLAS_2019_I1724098/d24-x01-y01
Legend=1
LeftMargin=1.8
# END PLOT

# BEGIN HISTO1D /ATLAS_2019_I1724098/d24-x01-y01
ConnectBins=0
ErrorBars=1
IsRef=1
Path=/ATLAS_2019_I1724098/d24-x01-y01
PolyMarker=*
Title=Data
# xlow	 xhigh	 val	 errminus	 errplus
0.000000e+00	1.400000e-01	2.166852e+00	2.918021e-01	2.827364e-01
1.400000e-01	2.200000e-01	2.559383e+00	3.744638e-01	3.174224e-01
2.200000e-01	2.800000e-01	2.052954e+00	2.139472e-01	2.072514e-01
2.800000e-01	3.400000e-01	1.714228e+00	1.189267e-01	1.368269e-01
3.400000e-01	3.800000e-01	1.409186e+00	6.572977e-02	1.252080e-01
3.800000e-01	4.200000e-01	1.188237e+00	4.550726e-02	1.321466e-01
4.200000e-01	4.600000e-01	9.629744e-01	3.175715e-02	1.037802e-01
4.600000e-01	5.000000e-01	7.914376e-01	2.724639e-02	8.696157e-02
5.000000e-01	5.400000e-01	6.578627e-01	1.836971e-02	1.075981e-01
5.400000e-01	5.800000e-01	5.211551e-01	1.603322e-02	7.994809e-02
5.800000e-01	6.200000e-01	3.909879e-01	2.063734e-02	4.138998e-02
6.200000e-01	6.600000e-01	3.053029e-01	1.196763e-02	5.317581e-02
6.600000e-01	7.000000e-01	2.185178e-01	1.481342e-02	4.488634e-02
7.000000e-01	7.400000e-01	1.253661e-01	1.891907e-02	2.727547e-02
7.400000e-01	1.000000e+00	1.160802e-02	2.384326e-03	2.604919e-03
# END HISTO1D


# BEGIN HISTO1D //Users/jenniferroloff/Work/tuningStudies/SoftDropObservablesCalo_tune.yoda/ATLAS_2019_I1724098/d24-x01-y01
LineColor=red
LineStyle=solid
Path=//Users/jenniferroloff/Work/tuningStudies/SoftDropObservablesCalo_tune.yoda/ATLAS_2019_I1724098/d24-x01-y01
ScaledBy=2.07580852742143054e-05
Title=SD Obs. Calo
# xlow	 xhigh	 val	 errminus	 errplus
0.000000e+00	1.400000e-01	2.025248e+00	1.732881e-02	1.732881e-02
1.400000e-01	2.200000e-01	2.704000e+00	2.648817e-02	2.648817e-02
2.200000e-01	2.800000e-01	2.156073e+00	2.731176e-02	2.731176e-02
2.800000e-01	3.400000e-01	1.781390e+00	2.482547e-02	2.482547e-02
3.400000e-01	3.800000e-01	1.425043e+00	2.719428e-02	2.719428e-02
3.800000e-01	4.200000e-01	1.192033e+00	2.487183e-02	2.487183e-02
4.200000e-01	4.600000e-01	1.006248e+00	2.285158e-02	2.285158e-02
4.600000e-01	5.000000e-01	7.753145e-01	2.005869e-02	2.005869e-02
5.000000e-01	5.400000e-01	6.315647e-01	1.810392e-02	1.810392e-02
5.400000e-01	5.800000e-01	4.966373e-01	1.605400e-02	1.605400e-02
5.800000e-01	6.200000e-01	4.016690e-01	1.443769e-02	1.443769e-02
6.200000e-01	6.600000e-01	2.703740e-01	1.184530e-02	1.184530e-02
6.600000e-01	7.000000e-01	2.086188e-01	1.040496e-02	1.040496e-02
7.000000e-01	7.400000e-01	1.276622e-01	8.139445e-03	8.139445e-03
7.400000e-01	1.000000e+00	9.580654e-03	8.745901e-04	8.745901e-04
# END HISTO1D


# BEGIN HISTO1D //Users/jenniferroloff/Work/tuningStudies/SoftDropObservablesTrack_tune.yoda/ATLAS_2019_I1724098/d24-x01-y01
LineColor=blue
LineStyle=solid
Path=//Users/jenniferroloff/Work/tuningStudies/SoftDropObservablesTrack_tune.yoda/ATLAS_2019_I1724098/d24-x01-y01
ScaledBy=2.12354802403856352e-05
Title=SD Obs. Track
# xlow	 xhigh	 val	 errminus	 errplus
0.000000e+00	1.400000e-01	1.968832e+00	1.728110e-02	1.728110e-02
1.400000e-01	2.200000e-01	2.793793e+00	2.723223e-02	2.723223e-02
2.200000e-01	2.800000e-01	2.212737e+00	2.798468e-02	2.798468e-02
2.800000e-01	3.400000e-01	1.794398e+00	2.520083e-02	2.520083e-02
3.400000e-01	3.800000e-01	1.416938e+00	2.742688e-02	2.742688e-02
3.800000e-01	4.200000e-01	1.223164e+00	2.548258e-02	2.548258e-02
4.200000e-01	4.600000e-01	9.587820e-01	2.256114e-02	2.256114e-02
4.600000e-01	5.000000e-01	7.729715e-01	2.025736e-02	2.025736e-02
5.000000e-01	5.400000e-01	6.152980e-01	1.807356e-02	1.807356e-02
5.400000e-01	5.800000e-01	4.852308e-01	1.605001e-02	1.605001e-02
5.800000e-01	6.200000e-01	3.912637e-01	1.441238e-02	1.441238e-02
6.200000e-01	6.600000e-01	2.792465e-01	1.217573e-02	1.217573e-02
6.600000e-01	7.000000e-01	1.985518e-01	1.026687e-02	1.026687e-02
7.000000e-01	7.400000e-01	1.098936e-01	7.638134e-03	7.638134e-03
7.400000e-01	1.000000e+00	9.147592e-03	8.643662e-04	8.643662e-04
# END HISTO1D

