# BEGIN PLOT
LegendOnly=/SoftDropMass/d05-x01-y01 //Users/jenniferroloff/Work/tuningStudies/SoftDropMassInclPt_tune.yoda/SoftDropMass/d05-x01-y01 //Users/jenniferroloff/Work/tuningStudies/SoftDropMassPtBin_tune.yoda/SoftDropMass/d05-x01-y01 //Users/jenniferroloff/Work/tuningStudies/SoftDropObservablesMass_tune.yoda/SoftDropMass/d05-x01-y01
DrawOnly=/SoftDropMass/d05-x01-y01 //Users/jenniferroloff/Work/tuningStudies/SoftDropMassInclPt_tune.yoda/SoftDropMass/d05-x01-y01 //Users/jenniferroloff/Work/tuningStudies/SoftDropMassPtBin_tune.yoda/SoftDropMass/d05-x01-y01 //Users/jenniferroloff/Work/tuningStudies/SoftDropObservablesMass_tune.yoda/SoftDropMass/d05-x01-y01
RatioPlotReference=/SoftDropMass/d05-x01-y01
RatioPlot=1
LogY=1
Legend=1
# END PLOT

# BEGIN HISTO1D /SoftDropMass/d05-x01-y01
ConnectBins=0
ErrorBars=1
IsRef=1
Path=/SoftDropMass/d05-x01-y01
PolyMarker=*
Title=Data
# xlow	 xhigh	 val	 errminus	 errplus
0.000000e+00	1.000000e+00	1.332430e-02	1.082343e-03	1.082343e-03
1.000000e+00	2.000000e+00	6.560880e-02	6.410478e-03	6.410478e-03
2.000000e+00	3.000000e+00	1.524230e-01	1.799011e-02	1.799011e-02
3.000000e+00	4.000000e+00	2.141410e-01	1.042807e-02	1.042807e-02
4.000000e+00	5.000000e+00	2.392370e-01	6.346776e-03	6.346776e-03
5.000000e+00	6.000000e+00	2.360980e-01	1.160758e-02	1.160758e-02
6.000000e+00	7.000000e+00	2.482770e-01	9.149610e-03	9.149610e-03
7.000000e+00	8.000000e+00	2.763880e-01	1.556635e-02	1.556635e-02
8.000000e+00	9.000000e+00	2.358310e-01	1.654809e-02	1.654809e-02
9.000000e+00	1.000000e+01	5.619680e-02	4.926852e-03	4.926852e-03
1.000000e+01	1.100000e+01	1.719550e-02	1.391948e-03	1.391948e-03
1.100000e+01	1.200000e+01	7.707750e-02	9.845454e-03	9.845454e-03
1.200000e+01	1.300000e+01	1.671330e-01	2.095693e-02	2.095693e-02
1.300000e+01	1.400000e+01	2.258270e-01	1.082111e-02	1.082111e-02
1.400000e+01	1.500000e+01	2.438770e-01	7.250471e-03	7.250471e-03
1.500000e+01	1.600000e+01	2.366430e-01	1.280277e-02	1.280277e-02
1.600000e+01	1.700000e+01	2.504020e-01	7.720426e-03	7.720426e-03
1.700000e+01	1.800000e+01	2.690780e-01	8.803562e-03	8.803562e-03
1.800000e+01	1.900000e+01	2.459850e-01	1.043686e-02	1.043686e-02
1.900000e+01	2.000000e+01	5.336970e-02	3.421227e-03	3.421227e-03
2.000000e+01	2.100000e+01	2.108640e-02	2.027237e-03	2.027237e-03
2.100000e+01	2.200000e+01	8.756740e-02	1.204287e-02	1.204287e-02
2.200000e+01	2.300000e+01	1.744510e-01	1.998027e-02	1.998027e-02
2.300000e+01	2.400000e+01	2.312150e-01	1.125538e-02	1.125538e-02
2.400000e+01	2.500000e+01	2.437300e-01	5.524824e-03	5.524824e-03
2.500000e+01	2.600000e+01	2.363330e-01	1.178652e-02	1.178652e-02
2.600000e+01	2.700000e+01	2.557080e-01	8.694021e-03	8.694021e-03
2.700000e+01	2.800000e+01	2.642290e-01	7.852521e-03	7.852521e-03
2.800000e+01	2.900000e+01	2.229940e-01	1.140482e-02	1.140482e-02
2.900000e+01	3.000000e+01	5.467390e-02	4.696919e-03	4.696919e-03
3.000000e+01	3.100000e+01	2.648950e-02	3.653119e-03	3.653119e-03
3.100000e+01	3.200000e+01	1.004820e-01	1.487910e-02	1.487910e-02
3.200000e+01	3.300000e+01	1.839550e-01	1.981743e-02	1.981743e-02
3.300000e+01	3.400000e+01	2.315410e-01	9.390536e-03	9.390536e-03
3.400000e+01	3.500000e+01	2.420520e-01	7.223536e-03	7.223536e-03
3.500000e+01	3.600000e+01	2.373880e-01	1.130859e-02	1.130859e-02
3.600000e+01	3.700000e+01	2.551670e-01	5.783196e-03	5.783196e-03
3.700000e+01	3.800000e+01	2.653930e-01	5.738017e-03	5.738017e-03
3.800000e+01	3.900000e+01	2.222130e-01	1.005575e-02	1.005575e-02
3.900000e+01	4.000000e+01	5.386070e-02	4.080493e-03	4.080493e-03
4.000000e+01	4.100000e+01	3.163090e-02	4.628186e-03	4.628186e-03
4.100000e+01	4.200000e+01	1.159020e-01	1.866044e-02	1.866044e-02
4.200000e+01	4.300000e+01	1.969620e-01	2.133292e-02	2.133292e-02
4.300000e+01	4.400000e+01	2.352010e-01	7.362277e-03	7.362277e-03
4.400000e+01	4.500000e+01	2.400480e-01	7.615637e-03	7.615637e-03
4.500000e+01	4.600000e+01	2.349390e-01	1.001646e-02	1.001646e-02
4.600000e+01	4.700000e+01	2.576570e-01	7.753977e-03	7.753977e-03
4.700000e+01	4.800000e+01	2.673550e-01	9.197959e-03	9.197959e-03
4.800000e+01	4.900000e+01	2.430290e-01	1.175424e-02	1.175424e-02
4.900000e+01	5.000000e+01	5.613930e-02	4.186536e-03	4.186536e-03
5.000000e+01	5.100000e+01	3.866460e-02	6.980523e-03	6.980523e-03
5.100000e+01	5.200000e+01	1.264900e-01	2.240444e-02	2.240444e-02
5.200000e+01	5.300000e+01	2.071130e-01	2.350288e-02	2.350288e-02
5.300000e+01	5.400000e+01	2.478420e-01	8.560312e-03	8.560312e-03
5.400000e+01	5.500000e+01	2.499840e-01	8.094014e-03	8.094014e-03
5.500000e+01	5.600000e+01	2.368260e-01	1.062543e-02	1.062543e-02
5.600000e+01	5.700000e+01	2.522370e-01	9.465709e-03	9.465709e-03
5.700000e+01	5.800000e+01	2.609540e-01	1.108028e-02	1.108028e-02
5.800000e+01	5.900000e+01	2.172150e-01	1.086294e-02	1.086294e-02
5.900000e+01	6.000000e+01	5.609140e-02	4.178933e-03	4.178933e-03
6.000000e+01	6.100000e+01	4.109000e-02	7.908584e-03	7.908584e-03
6.100000e+01	6.200000e+01	1.286440e-01	2.273153e-02	2.273153e-02
6.200000e+01	6.300000e+01	2.042920e-01	2.218236e-02	2.218236e-02
6.300000e+01	6.400000e+01	2.429720e-01	6.782044e-03	6.782044e-03
6.400000e+01	6.500000e+01	2.511420e-01	8.930986e-03	8.930986e-03
6.500000e+01	6.600000e+01	2.383200e-01	1.013903e-02	1.013903e-02
6.600000e+01	6.700000e+01	2.364140e-01	7.727392e-03	7.727392e-03
6.700000e+01	6.800000e+01	2.741240e-01	1.326879e-02	1.326879e-02
6.800000e+01	6.900000e+01	1.936070e-01	1.159585e-02	1.159585e-02
6.900000e+01	7.000000e+01	5.864830e-02	4.798920e-03	4.798920e-03
7.000000e+01	7.100000e+01	4.781610e-02	9.169574e-03	9.169574e-03
7.100000e+01	7.200000e+01	1.402280e-01	2.385306e-02	2.385306e-02
7.200000e+01	7.300000e+01	2.123670e-01	2.124472e-02	2.124472e-02
7.300000e+01	7.400000e+01	2.453480e-01	7.619797e-03	7.619797e-03
7.400000e+01	7.500000e+01	2.582530e-01	9.086262e-03	9.086262e-03
7.500000e+01	7.600000e+01	2.570850e-01	1.027476e-02	1.027476e-02
7.600000e+01	7.700000e+01	2.270670e-01	7.368156e-03	7.368156e-03
7.700000e+01	7.800000e+01	2.575950e-01	1.244404e-02	1.244404e-02
7.800000e+01	7.900000e+01	2.065150e-01	1.286779e-02	1.286779e-02
7.900000e+01	8.000000e+01	5.629180e-02	4.873678e-03	4.873678e-03
8.000000e+01	8.100000e+01	7.819490e-02	1.703426e-02	1.703426e-02
8.100000e+01	8.200000e+01	1.756190e-01	2.984496e-02	2.984496e-02
8.200000e+01	8.300000e+01	2.269410e-01	1.890821e-02	1.890821e-02
8.300000e+01	8.400000e+01	2.476700e-01	5.073926e-03	5.073926e-03
8.400000e+01	8.500000e+01	2.556090e-01	7.946348e-03	7.946348e-03
8.500000e+01	8.600000e+01	2.565730e-01	6.947399e-03	6.947399e-03
8.600000e+01	8.700000e+01	2.372480e-01	6.600676e-03	6.600676e-03
8.700000e+01	8.800000e+01	2.505700e-01	9.754280e-03	9.754280e-03
8.800000e+01	8.900000e+01	2.098050e-01	1.025964e-02	1.025964e-02
8.900000e+01	9.000000e+01	3.839030e-02	2.561906e-03	2.561906e-03
# END HISTO1D


# BEGIN HISTO1D //Users/jenniferroloff/Work/tuningStudies/SoftDropMassInclPt_tune.yoda/SoftDropMass/d05-x01-y01
LineColor=red
LineStyle=solid
Path=//Users/jenniferroloff/Work/tuningStudies/SoftDropMassInclPt_tune.yoda/SoftDropMass/d05-x01-y01
Title=Mass only, incl. pT
# xlow	 xhigh	 val	 errminus	 errplus
0.000000e+00	1.000000e+00	1.018330e-02	1.721292e-03	1.721292e-03
1.000000e+00	2.000000e+00	6.400931e-02	4.315507e-03	4.315507e-03
2.000000e+00	3.000000e+00	1.454757e-01	6.505871e-03	6.505871e-03
3.000000e+00	4.000000e+00	2.065755e-01	7.752640e-03	7.752640e-03
4.000000e+00	5.000000e+00	2.481816e-01	8.497574e-03	8.497574e-03
5.000000e+00	6.000000e+00	2.391621e-01	8.341735e-03	8.341735e-03
6.000000e+00	7.000000e+00	2.475997e-01	8.487607e-03	8.487607e-03
7.000000e+00	8.000000e+00	2.650567e-01	8.781721e-03	8.781721e-03
8.000000e+00	9.000000e+00	2.406168e-01	8.367066e-03	8.367066e-03
9.000000e+00	1.000000e+01	6.342741e-02	4.295846e-03	4.295846e-03
1.000000e+01	1.100000e+01	1.909308e-02	3.018881e-03	3.018881e-03
1.100000e+01	1.200000e+01	7.780430e-02	6.094103e-03	6.094103e-03
1.200000e+01	1.300000e+01	1.742243e-01	9.119319e-03	9.119319e-03
1.300000e+01	1.400000e+01	2.171838e-01	1.018173e-02	1.018173e-02
1.400000e+01	1.500000e+01	2.353222e-01	1.059838e-02	1.059838e-02
1.500000e+01	1.600000e+01	2.472554e-01	1.086378e-02	1.086378e-02
1.600000e+01	1.700000e+01	2.448687e-01	1.081122e-02	1.081122e-02
1.700000e+01	1.800000e+01	2.725537e-01	1.140602e-02	1.140602e-02
1.800000e+01	1.900000e+01	2.539379e-01	1.100960e-02	1.100960e-02
1.900000e+01	2.000000e+01	6.634845e-02	5.627602e-03	5.627602e-03
2.000000e+01	2.100000e+01	1.828822e-02	3.657644e-03	3.657644e-03
2.100000e+01	2.200000e+01	9.509876e-02	8.340713e-03	8.340713e-03
2.200000e+01	2.300000e+01	1.777615e-01	1.140341e-02	1.140341e-02
2.300000e+01	2.400000e+01	2.253109e-01	1.283828e-02	1.283828e-02
2.400000e+01	2.500000e+01	2.179956e-01	1.262815e-02	1.262815e-02
2.500000e+01	2.600000e+01	2.494514e-01	1.350855e-02	1.350855e-02
2.600000e+01	2.700000e+01	2.743233e-01	1.416599e-02	1.416599e-02
2.700000e+01	2.800000e+01	2.582297e-01	1.374418e-02	1.374418e-02
2.800000e+01	2.900000e+01	2.245794e-01	1.281742e-02	1.281742e-02
2.900000e+01	3.000000e+01	6.291149e-02	6.783920e-03	6.783920e-03
3.000000e+01	3.100000e+01	2.651113e-02	5.302227e-03	5.302227e-03
3.100000e+01	3.200000e+01	9.331919e-02	9.947860e-03	9.947860e-03
3.200000e+01	3.300000e+01	1.908802e-01	1.422737e-02	1.422737e-02
3.300000e+01	3.400000e+01	2.014846e-01	1.461723e-02	1.461723e-02
3.400000e+01	3.500000e+01	2.396607e-01	1.594199e-02	1.594199e-02
3.500000e+01	3.600000e+01	2.513256e-01	1.632535e-02	1.632535e-02
3.600000e+01	3.700000e+01	2.322375e-01	1.569316e-02	1.569316e-02
3.700000e+01	3.800000e+01	2.767762e-01	1.713202e-02	1.713202e-02
3.800000e+01	3.900000e+01	1.919406e-01	1.426683e-02	1.426683e-02
3.900000e+01	4.000000e+01	7.317073e-02	8.808721e-03	8.808721e-03
4.000000e+01	4.100000e+01	3.125000e-02	7.169242e-03	7.169242e-03
4.100000e+01	4.200000e+01	1.134868e-01	1.366221e-02	1.366221e-02
4.200000e+01	4.300000e+01	2.072368e-01	1.846213e-02	1.846213e-02
4.300000e+01	4.400000e+01	2.220395e-01	1.911012e-02	1.911012e-02
4.400000e+01	4.500000e+01	2.220395e-01	1.911012e-02	1.911012e-02
4.500000e+01	4.600000e+01	2.467105e-01	2.014383e-02	2.014383e-02
4.600000e+01	4.700000e+01	2.664474e-01	2.093408e-02	2.093408e-02
4.700000e+01	4.800000e+01	2.648026e-01	2.086937e-02	2.086937e-02
4.800000e+01	4.900000e+01	1.907895e-01	1.771436e-02	1.771436e-02
4.900000e+01	5.000000e+01	5.427632e-02	9.448294e-03	9.448294e-03
5.000000e+01	5.100000e+01	3.351955e-02	9.676262e-03	9.676262e-03
5.100000e+01	5.200000e+01	1.201117e-01	1.831687e-02	1.831687e-02
5.200000e+01	5.300000e+01	2.122905e-01	2.435139e-02	2.435139e-02
5.300000e+01	5.400000e+01	2.905028e-01	2.848614e-02	2.848614e-02
5.400000e+01	5.500000e+01	2.430168e-01	2.605413e-02	2.605413e-02
5.500000e+01	5.600000e+01	2.821229e-01	2.807228e-02	2.807228e-02
5.600000e+01	5.700000e+01	2.150838e-01	2.451107e-02	2.451107e-02
5.700000e+01	5.800000e+01	2.597765e-01	2.693757e-02	2.693757e-02
5.800000e+01	5.900000e+01	3.016760e-01	2.902878e-02	2.902878e-02
5.900000e+01	6.000000e+01	7.541899e-02	1.451439e-02	1.451439e-02
6.000000e+01	6.100000e+01	2.857143e-02	9.523810e-03	9.523810e-03
6.100000e+01	6.200000e+01	1.174603e-01	1.931036e-02	1.931036e-02
6.200000e+01	6.300000e+01	2.031746e-01	2.539682e-02	2.539682e-02
6.300000e+01	6.400000e+01	2.507937e-01	2.821649e-02	2.821649e-02
6.400000e+01	6.500000e+01	2.634921e-01	2.892201e-02	2.892201e-02
6.500000e+01	6.600000e+01	2.380952e-01	2.749287e-02	2.749287e-02
6.600000e+01	6.700000e+01	2.253968e-01	2.674968e-02	2.674968e-02
6.700000e+01	6.800000e+01	2.730159e-01	2.944006e-02	2.944006e-02
6.800000e+01	6.900000e+01	2.000000e-01	2.519763e-02	2.519763e-02
6.900000e+01	7.000000e+01	5.714286e-02	1.346870e-02	1.346870e-02
7.000000e+01	7.100000e+01	2.510460e-02	1.024891e-02	1.024891e-02
7.100000e+01	7.200000e+01	1.422594e-01	2.439729e-02	2.439729e-02
7.200000e+01	7.300000e+01	1.966527e-01	2.868475e-02	2.868475e-02
7.300000e+01	7.400000e+01	1.506276e-01	2.510460e-02	2.510460e-02
7.400000e+01	7.500000e+01	2.301255e-01	3.103012e-02	3.103012e-02
7.500000e+01	7.600000e+01	2.635983e-01	3.321027e-02	3.321027e-02
7.600000e+01	7.700000e+01	2.510460e-01	3.240991e-02	3.240991e-02
7.700000e+01	7.800000e+01	2.552301e-01	3.267886e-02	3.267886e-02
7.800000e+01	7.900000e+01	2.050209e-01	2.928870e-02	2.928870e-02
7.900000e+01	8.000000e+01	4.602510e-02	1.387709e-02	1.387709e-02
8.000000e+01	8.100000e+01	7.889546e-02	1.247447e-02	1.247447e-02
8.100000e+01	8.200000e+01	1.439842e-01	1.685208e-02	1.685208e-02
8.200000e+01	8.300000e+01	2.307692e-01	2.133462e-02	2.133462e-02
8.300000e+01	8.400000e+01	2.031558e-01	2.001754e-02	2.001754e-02
8.400000e+01	8.500000e+01	2.386588e-01	2.169625e-02	2.169625e-02
8.500000e+01	8.600000e+01	2.544379e-01	2.240200e-02	2.240200e-02
8.600000e+01	8.700000e+01	2.504931e-01	2.222767e-02	2.222767e-02
8.700000e+01	8.800000e+01	2.564103e-01	2.248867e-02	2.248867e-02
8.800000e+01	8.900000e+01	2.268245e-01	2.115149e-02	2.115149e-02
8.900000e+01	9.000000e+01	5.325444e-02	1.024882e-02	1.024882e-02
# END HISTO1D


# BEGIN HISTO1D //Users/jenniferroloff/Work/tuningStudies/SoftDropMassPtBin_tune.yoda/SoftDropMass/d05-x01-y01
LineColor=blue
LineStyle=solid
Path=//Users/jenniferroloff/Work/tuningStudies/SoftDropMassPtBin_tune.yoda/SoftDropMass/d05-x01-y01
Title=Mass only, pt binned
# xlow	 xhigh	 val	 errminus	 errplus
0.000000e+00	1.000000e+00	1.475797e-02	2.087092e-03	2.087092e-03
1.000000e+00	2.000000e+00	6.818182e-02	4.486034e-03	4.486034e-03
2.000000e+00	3.000000e+00	1.369540e-01	6.357928e-03	6.357928e-03
3.000000e+00	4.000000e+00	2.086777e-01	7.848132e-03	7.848132e-03
4.000000e+00	5.000000e+00	2.361275e-01	8.348368e-03	8.348368e-03
5.000000e+00	6.000000e+00	2.476387e-01	8.549438e-03	8.549438e-03
6.000000e+00	7.000000e+00	2.426210e-01	8.462380e-03	8.462380e-03
7.000000e+00	8.000000e+00	2.736128e-01	8.986622e-03	8.986622e-03
8.000000e+00	9.000000e+00	2.405549e-01	8.426271e-03	8.426271e-03
9.000000e+00	1.000000e+01	6.345927e-02	4.327886e-03	4.327886e-03
1.000000e+01	1.100000e+01	1.547842e-02	2.694448e-03	2.694448e-03
1.100000e+01	1.200000e+01	8.677298e-02	6.379676e-03	6.379676e-03
1.200000e+01	1.300000e+01	1.604128e-01	8.674129e-03	8.674129e-03
1.300000e+01	1.400000e+01	2.166979e-01	1.008170e-02	1.008170e-02
1.400000e+01	1.500000e+01	2.509381e-01	1.084900e-02	1.084900e-02
1.500000e+01	1.600000e+01	2.340525e-01	1.047763e-02	1.047763e-02
1.600000e+01	1.700000e+01	2.542214e-01	1.091974e-02	1.091974e-02
1.700000e+01	1.800000e+01	2.607880e-01	1.105987e-02	1.105987e-02
1.800000e+01	1.900000e+01	2.002814e-01	9.692297e-03	9.692297e-03
1.900000e+01	2.000000e+01	6.754221e-02	5.628518e-03	5.628518e-03
2.000000e+01	2.100000e+01	2.481752e-02	4.256170e-03	4.256170e-03
2.100000e+01	2.200000e+01	8.613139e-02	7.929037e-03	7.929037e-03
2.200000e+01	2.300000e+01	1.664234e-01	1.102166e-02	1.102166e-02
2.300000e+01	2.400000e+01	2.036496e-01	1.219219e-02	1.219219e-02
2.400000e+01	2.500000e+01	2.328467e-01	1.303691e-02	1.303691e-02
2.500000e+01	2.600000e+01	2.416058e-01	1.327986e-02	1.327986e-02
2.600000e+01	2.700000e+01	2.562044e-01	1.367518e-02	1.367518e-02
2.700000e+01	2.800000e+01	2.693431e-01	1.402144e-02	1.402144e-02
2.800000e+01	2.900000e+01	2.270073e-01	1.287240e-02	1.287240e-02
2.900000e+01	3.000000e+01	5.985401e-02	6.609770e-03	6.609770e-03
3.000000e+01	3.100000e+01	2.527076e-02	5.514532e-03	5.514532e-03
3.100000e+01	3.200000e+01	1.167268e-01	1.185181e-02	1.185181e-02
3.200000e+01	3.300000e+01	1.961492e-01	1.536359e-02	1.536359e-02
3.300000e+01	3.400000e+01	2.539110e-01	1.747995e-02	1.747995e-02
3.400000e+01	3.500000e+01	2.310469e-01	1.667438e-02	1.667438e-02
3.500000e+01	3.600000e+01	2.490975e-01	1.731347e-02	1.731347e-02
3.600000e+01	3.700000e+01	2.647413e-01	1.784885e-02	1.784885e-02
3.700000e+01	3.800000e+01	2.551143e-01	1.752132e-02	1.752132e-02
3.800000e+01	3.900000e+01	2.599278e-01	1.768585e-02	1.768585e-02
3.900000e+01	4.000000e+01	8.784597e-02	1.028160e-02	1.028160e-02
4.000000e+01	4.100000e+01	3.722504e-02	7.936406e-03	7.936406e-03
4.100000e+01	4.200000e+01	1.116751e-01	1.374626e-02	1.374626e-02
4.200000e+01	4.300000e+01	2.284264e-01	1.965981e-02	1.965981e-02
4.300000e+01	4.400000e+01	2.402707e-01	2.016307e-02	2.016307e-02
4.400000e+01	4.500000e+01	2.791878e-01	2.173474e-02	2.173474e-02
4.500000e+01	4.600000e+01	2.182741e-01	1.921796e-02	1.921796e-02
4.600000e+01	4.700000e+01	2.487310e-01	2.051498e-02	2.051498e-02
4.700000e+01	4.800000e+01	2.538071e-01	2.072326e-02	2.072326e-02
4.800000e+01	4.900000e+01	2.301184e-01	1.973249e-02	1.973249e-02
4.900000e+01	5.000000e+01	6.091371e-02	1.015229e-02	1.015229e-02
5.000000e+01	5.100000e+01	4.838710e-02	1.140495e-02	1.140495e-02
5.100000e+01	5.200000e+01	1.290323e-01	1.862420e-02	1.862420e-02
5.200000e+01	5.300000e+01	2.500000e-01	2.592379e-02	2.592379e-02
5.300000e+01	5.400000e+01	2.150538e-01	2.404374e-02	2.404374e-02
5.400000e+01	5.500000e+01	2.392473e-01	2.536016e-02	2.536016e-02
5.500000e+01	5.600000e+01	2.634409e-01	2.661155e-02	2.661155e-02
5.600000e+01	5.700000e+01	2.526882e-01	2.606280e-02	2.606280e-02
5.700000e+01	5.800000e+01	2.446237e-01	2.564353e-02	2.564353e-02
5.800000e+01	5.900000e+01	2.634409e-01	2.661155e-02	2.661155e-02
5.900000e+01	6.000000e+01	5.107527e-02	1.171747e-02	1.171747e-02
6.000000e+01	6.100000e+01	5.761317e-02	1.539777e-02	1.539777e-02
6.100000e+01	6.200000e+01	1.316872e-01	2.327924e-02	2.327924e-02
6.200000e+01	6.300000e+01	2.304527e-01	3.079553e-02	3.079553e-02
6.300000e+01	6.400000e+01	2.633745e-01	3.292182e-02	3.292182e-02
6.400000e+01	6.500000e+01	2.139918e-01	2.967532e-02	2.967532e-02
6.500000e+01	6.600000e+01	2.551440e-01	3.240332e-02	3.240332e-02
6.600000e+01	6.700000e+01	2.345679e-01	3.106928e-02	3.106928e-02
6.700000e+01	6.800000e+01	2.962963e-01	3.491885e-02	3.491885e-02
6.800000e+01	6.900000e+01	2.181070e-01	2.995930e-02	2.995930e-02
6.900000e+01	7.000000e+01	5.349794e-02	1.483766e-02	1.483766e-02
7.000000e+01	7.100000e+01	7.253886e-02	1.938683e-02	1.938683e-02
7.100000e+01	7.200000e+01	1.968912e-01	3.193997e-02	3.193997e-02
7.200000e+01	7.300000e+01	1.709845e-01	2.976457e-02	2.976457e-02
7.300000e+01	7.400000e+01	2.487047e-01	3.589742e-02	3.589742e-02
7.400000e+01	7.500000e+01	2.590674e-01	3.663766e-02	3.663766e-02
7.500000e+01	7.600000e+01	2.020725e-01	3.235750e-02	3.235750e-02
7.600000e+01	7.700000e+01	2.797927e-01	3.807497e-02	3.807497e-02
7.700000e+01	7.800000e+01	2.590674e-01	3.663766e-02	3.663766e-02
7.800000e+01	7.900000e+01	1.709845e-01	2.976457e-02	2.976457e-02
7.900000e+01	8.000000e+01	5.699482e-02	1.718458e-02	1.718458e-02
8.000000e+01	8.100000e+01	8.128544e-02	1.239591e-02	1.239591e-02
8.100000e+01	8.200000e+01	1.644612e-01	1.763210e-02	1.763210e-02
8.200000e+01	8.300000e+01	2.022684e-01	1.955403e-02	1.955403e-02
8.300000e+01	8.400000e+01	2.249527e-01	2.062138e-02	2.062138e-02
8.400000e+01	8.500000e+01	2.211720e-01	2.044736e-02	2.044736e-02
8.500000e+01	8.600000e+01	3.081285e-01	2.413449e-02	2.413449e-02
8.600000e+01	8.700000e+01	2.476371e-01	2.163615e-02	2.163615e-02
8.700000e+01	8.800000e+01	2.230624e-01	2.053456e-02	2.053456e-02
8.800000e+01	8.900000e+01	1.587902e-01	1.732543e-02	1.732543e-02
8.900000e+01	9.000000e+01	5.293006e-02	1.000284e-02	1.000284e-02
# END HISTO1D


# BEGIN HISTO1D //Users/jenniferroloff/Work/tuningStudies/SoftDropObservablesMass_tune.yoda/SoftDropMass/d05-x01-y01
LineColor=green
LineStyle=solid
Path=//Users/jenniferroloff/Work/tuningStudies/SoftDropObservablesMass_tune.yoda/SoftDropMass/d05-x01-y01
Title=Mass only, incl. pt (pt>300)
# xlow	 xhigh	 val	 errminus	 errplus
0.000000e+00	1.000000e+00	1.035078e-02	1.725129e-03	1.725129e-03
1.000000e+00	2.000000e+00	5.089132e-02	3.825225e-03	3.825225e-03
2.000000e+00	3.000000e+00	1.443358e-01	6.442023e-03	6.442023e-03
3.000000e+00	4.000000e+00	1.960897e-01	7.508663e-03	7.508663e-03
4.000000e+00	5.000000e+00	2.392179e-01	8.293390e-03	8.293390e-03
5.000000e+00	6.000000e+00	2.372053e-01	8.258428e-03	8.258428e-03
6.000000e+00	7.000000e+00	2.533065e-01	8.534113e-03	8.534113e-03
7.000000e+00	8.000000e+00	2.702703e-01	8.815244e-03	8.815244e-03
8.000000e+00	9.000000e+00	2.584819e-01	8.620854e-03	8.620854e-03
9.000000e+00	1.000000e+01	6.325474e-02	4.264634e-03	4.264634e-03
1.000000e+01	1.100000e+01	8.671839e-03	1.989456e-03	1.989456e-03
1.100000e+01	1.200000e+01	5.796440e-02	5.143509e-03	5.143509e-03
1.200000e+01	1.300000e+01	1.465084e-01	8.177304e-03	8.177304e-03
1.300000e+01	1.400000e+01	2.040164e-01	9.649646e-03	9.649646e-03
1.400000e+01	1.500000e+01	2.272935e-01	1.018526e-02	1.018526e-02
1.500000e+01	1.600000e+01	2.455500e-01	1.058641e-02	1.058641e-02
1.600000e+01	1.700000e+01	2.501141e-01	1.068434e-02	1.068434e-02
1.700000e+01	1.800000e+01	2.770424e-01	1.124481e-02	1.124481e-02
1.800000e+01	1.900000e+01	2.551346e-01	1.079105e-02	1.079105e-02
1.900000e+01	2.000000e+01	6.024646e-02	5.243781e-03	5.243781e-03
2.000000e+01	2.100000e+01	1.538462e-02	3.280011e-03	3.280011e-03
2.100000e+01	2.200000e+01	8.391608e-02	7.660456e-03	7.660456e-03
2.200000e+01	2.300000e+01	1.776224e-01	1.114502e-02	1.114502e-02
2.300000e+01	2.400000e+01	2.209790e-01	1.243104e-02	1.243104e-02
2.400000e+01	2.500000e+01	2.132867e-01	1.221276e-02	1.221276e-02
2.500000e+01	2.600000e+01	2.615385e-01	1.352383e-02	1.352383e-02
2.600000e+01	2.700000e+01	2.664336e-01	1.364981e-02	1.364981e-02
2.700000e+01	2.800000e+01	2.587413e-01	1.345132e-02	1.345132e-02
2.800000e+01	2.900000e+01	2.461538e-01	1.312005e-02	1.312005e-02
2.900000e+01	3.000000e+01	6.923077e-02	6.957954e-03	6.957954e-03
3.000000e+01	3.100000e+01	2.275190e-02	4.964871e-03	4.964871e-03
3.100000e+01	3.200000e+01	7.692308e-02	9.129090e-03	9.129090e-03
3.200000e+01	3.300000e+01	1.690141e-01	1.353196e-02	1.353196e-02
3.300000e+01	3.400000e+01	2.470206e-01	1.635934e-02	1.635934e-02
3.400000e+01	3.500000e+01	2.556880e-01	1.664387e-02	1.664387e-02
3.500000e+01	3.600000e+01	2.372698e-01	1.603321e-02	1.603321e-02
3.600000e+01	3.700000e+01	2.329361e-01	1.588611e-02	1.588611e-02
3.700000e+01	3.800000e+01	2.741062e-01	1.723291e-02	1.723291e-02
3.800000e+01	3.900000e+01	2.643554e-01	1.692362e-02	1.692362e-02
3.900000e+01	4.000000e+01	7.042254e-02	8.734841e-03	8.734841e-03
4.000000e+01	4.100000e+01	2.610114e-02	6.525285e-03	6.525285e-03
4.100000e+01	4.200000e+01	9.461664e-02	1.242377e-02	1.242377e-02
4.200000e+01	4.300000e+01	2.006525e-01	1.809223e-02	1.809223e-02
4.300000e+01	4.400000e+01	2.398042e-01	1.977872e-02	1.977872e-02
4.400000e+01	4.500000e+01	2.414356e-01	1.984588e-02	1.984588e-02
4.500000e+01	4.600000e+01	2.381729e-01	1.971133e-02	1.971133e-02
4.600000e+01	4.700000e+01	2.528548e-01	2.030979e-02	2.030979e-02
4.700000e+01	4.800000e+01	2.675367e-01	2.089111e-02	2.089111e-02
4.800000e+01	4.900000e+01	2.267537e-01	1.923300e-02	1.923300e-02
4.900000e+01	5.000000e+01	6.199021e-02	1.005614e-02	1.005614e-02
5.000000e+01	5.100000e+01	1.766004e-02	6.243768e-03	6.243768e-03
5.100000e+01	5.200000e+01	1.059603e-01	1.529405e-02	1.529405e-02
5.200000e+01	5.300000e+01	1.699779e-01	1.937078e-02	1.937078e-02
5.300000e+01	5.400000e+01	1.964680e-01	2.082557e-02	2.082557e-02
5.400000e+01	5.500000e+01	2.384106e-01	2.294107e-02	2.294107e-02
5.500000e+01	5.600000e+01	2.472406e-01	2.336204e-02	2.336204e-02
5.600000e+01	5.700000e+01	2.582781e-01	2.387782e-02	2.387782e-02
5.700000e+01	5.800000e+01	2.560706e-01	2.377556e-02	2.377556e-02
5.800000e+01	5.900000e+01	2.229581e-01	2.218515e-02	2.218515e-02
5.900000e+01	6.000000e+01	6.401766e-02	1.188778e-02	1.188778e-02
6.000000e+01	6.100000e+01	4.049844e-02	1.123225e-02	1.123225e-02
6.100000e+01	6.200000e+01	1.152648e-01	1.894942e-02	1.894942e-02
6.200000e+01	6.300000e+01	1.651090e-01	2.267947e-02	2.267947e-02
6.300000e+01	6.400000e+01	2.024922e-01	2.511607e-02	2.511607e-02
6.400000e+01	6.500000e+01	2.305296e-01	2.679852e-02	2.679852e-02
6.500000e+01	6.600000e+01	2.087227e-01	2.549954e-02	2.549954e-02
6.600000e+01	6.700000e+01	2.585670e-01	2.838141e-02	2.838141e-02
6.700000e+01	6.800000e+01	3.021807e-01	3.068180e-02	3.068180e-02
6.800000e+01	6.900000e+01	2.492212e-01	2.786378e-02	2.786378e-02
6.900000e+01	7.000000e+01	7.788162e-02	1.557632e-02	1.557632e-02
7.000000e+01	7.100000e+01	5.660377e-02	1.634010e-02	1.634010e-02
7.100000e+01	7.200000e+01	1.037736e-01	2.212460e-02	2.212460e-02
7.200000e+01	7.300000e+01	1.792453e-01	2.907742e-02	2.907742e-02
7.300000e+01	7.400000e+01	2.735849e-01	3.592346e-02	3.592346e-02
7.400000e+01	7.500000e+01	2.358491e-01	3.335410e-02	3.335410e-02
7.500000e+01	7.600000e+01	2.405660e-01	3.368598e-02	3.368598e-02
7.600000e+01	7.700000e+01	2.405660e-01	3.368598e-02	3.368598e-02
7.700000e+01	7.800000e+01	2.830189e-01	3.653758e-02	3.653758e-02
7.800000e+01	7.900000e+01	2.358491e-01	3.335410e-02	3.335410e-02
7.900000e+01	8.000000e+01	7.075472e-02	1.826879e-02	1.826879e-02
8.000000e+01	8.100000e+01	5.095541e-02	1.040123e-02	1.040123e-02
8.100000e+01	8.200000e+01	1.380042e-01	1.711732e-02	1.711732e-02
8.200000e+01	8.300000e+01	2.271762e-01	2.196195e-02	2.196195e-02
8.300000e+01	8.400000e+01	2.229299e-01	2.175573e-02	2.175573e-02
8.400000e+01	8.500000e+01	2.101911e-01	2.112500e-02	2.112500e-02
8.500000e+01	8.600000e+01	2.590234e-01	2.345087e-02	2.345087e-02
8.600000e+01	8.700000e+01	2.738854e-01	2.411426e-02	2.411426e-02
8.700000e+01	8.800000e+01	2.569002e-01	2.335456e-02	2.335456e-02
8.800000e+01	8.900000e+01	2.547771e-01	2.325786e-02	2.325786e-02
8.900000e+01	9.000000e+01	4.246285e-02	9.494981e-03	9.494981e-03
# END HISTO1D

