# BEGIN PLOT
LegendOnly=/SoftDropMass/d04-x01-y01 //Users/jenniferroloff/Work/tuningStudies/SoftDropMassInclPt_tune.yoda/SoftDropMass/d04-x01-y01 //Users/jenniferroloff/Work/tuningStudies/SoftDropObservablesCalo_tune.yoda/SoftDropMass/d04-x01-y01 //Users/jenniferroloff/Work/tuningStudies/JSSSoftDrop_tune.yoda/SoftDropMass/d04-x01-y01 //Users/jenniferroloff/Work/tuningStudies/mytest_tune.yoda/SoftDropMass/d04-x01-y01 //Users/jenniferroloff/Work/tuningStudies/Lund_Plane_tune.yoda/SoftDropMass/d04-x01-y01
DrawOnly=/SoftDropMass/d04-x01-y01 //Users/jenniferroloff/Work/tuningStudies/SoftDropMassInclPt_tune.yoda/SoftDropMass/d04-x01-y01 //Users/jenniferroloff/Work/tuningStudies/SoftDropObservablesCalo_tune.yoda/SoftDropMass/d04-x01-y01 //Users/jenniferroloff/Work/tuningStudies/JSSSoftDrop_tune.yoda/SoftDropMass/d04-x01-y01 //Users/jenniferroloff/Work/tuningStudies/mytest_tune.yoda/SoftDropMass/d04-x01-y01 //Users/jenniferroloff/Work/tuningStudies/Lund_Plane_tune.yoda/SoftDropMass/d04-x01-y01
RatioPlotReference=/SoftDropMass/d04-x01-y01
RatioPlot=1
LogY=1
Legend=1
# END PLOT

# BEGIN HISTO1D /SoftDropMass/d04-x01-y01
ConnectBins=0
ErrorBars=1
IsRef=1
Path=/SoftDropMass/d04-x01-y01
PolyMarker=*
Title=Data
# xlow	 xhigh	 val	 errminus	 errplus
0.000000e+00	1.000000e+00	2.383060e-01	5.030951e-02	5.030951e-02
1.000000e+00	2.000000e+00	2.321780e-01	3.715209e-02	3.715209e-02
2.000000e+00	3.000000e+00	1.928250e-01	1.288293e-02	1.288293e-02
3.000000e+00	4.000000e+00	1.812890e-01	5.427884e-03	5.427884e-03
4.000000e+00	5.000000e+00	1.981560e-01	7.613869e-03	7.613869e-03
5.000000e+00	6.000000e+00	2.340220e-01	3.520332e-03	3.520332e-03
6.000000e+00	7.000000e+00	2.579150e-01	1.184094e-02	1.184094e-02
7.000000e+00	8.000000e+00	3.099080e-01	1.858540e-02	1.858540e-02
8.000000e+00	9.000000e+00	3.230160e-01	1.471601e-02	1.471601e-02
9.000000e+00	1.000000e+01	8.318180e-02	5.276266e-03	5.276266e-03
1.000000e+01	1.100000e+01	2.539370e-01	5.477211e-02	5.477211e-02
1.100000e+01	1.200000e+01	2.304530e-01	3.668906e-02	3.668906e-02
1.200000e+01	1.300000e+01	1.929250e-01	1.257284e-02	1.257284e-02
1.300000e+01	1.400000e+01	1.856590e-01	5.156375e-03	5.156375e-03
1.400000e+01	1.500000e+01	2.036250e-01	4.901011e-03	4.901011e-03
1.500000e+01	1.600000e+01	2.301030e-01	3.896315e-03	3.896315e-03
1.600000e+01	1.700000e+01	2.595850e-01	1.026728e-02	1.026728e-02
1.700000e+01	1.800000e+01	3.066870e-01	1.697352e-02	1.697352e-02
1.800000e+01	1.900000e+01	3.280240e-01	1.283151e-02	1.283151e-02
1.900000e+01	2.000000e+01	7.877810e-02	3.825246e-03	3.825246e-03
2.000000e+01	2.100000e+01	2.675700e-01	5.755837e-02	5.755837e-02
2.100000e+01	2.200000e+01	2.348230e-01	3.773094e-02	3.773094e-02
2.200000e+01	2.300000e+01	1.969250e-01	1.535059e-02	1.535059e-02
2.300000e+01	2.400000e+01	1.930060e-01	6.130263e-03	6.130263e-03
2.400000e+01	2.500000e+01	2.104140e-01	4.221194e-03	4.221194e-03
2.500000e+01	2.600000e+01	2.267280e-01	4.470954e-03	4.470954e-03
2.600000e+01	2.700000e+01	2.677520e-01	1.078051e-02	1.078051e-02
2.700000e+01	2.800000e+01	2.951050e-01	1.420754e-02	1.420754e-02
2.800000e+01	2.900000e+01	3.135460e-01	1.280944e-02	1.280944e-02
2.900000e+01	3.000000e+01	8.297580e-02	5.523456e-03	5.523456e-03
3.000000e+01	3.100000e+01	2.625570e-01	5.251680e-02	5.251680e-02
3.100000e+01	3.200000e+01	2.201930e-01	2.896680e-02	2.896680e-02
3.200000e+01	3.300000e+01	1.862680e-01	1.206352e-02	1.206352e-02
3.300000e+01	3.400000e+01	1.889900e-01	7.532895e-03	7.532895e-03
3.400000e+01	3.500000e+01	2.081930e-01	5.255641e-03	5.255641e-03
3.500000e+01	3.600000e+01	2.373480e-01	5.960144e-03	5.960144e-03
3.600000e+01	3.700000e+01	2.707200e-01	1.383371e-02	1.383371e-02
3.700000e+01	3.800000e+01	2.837390e-01	1.650112e-02	1.650112e-02
3.800000e+01	3.900000e+01	3.086350e-01	2.026960e-02	2.026960e-02
3.900000e+01	4.000000e+01	8.085560e-02	6.605733e-03	6.605733e-03
4.000000e+01	4.100000e+01	2.599520e-01	4.832767e-02	4.832767e-02
4.100000e+01	4.200000e+01	2.123890e-01	2.777833e-02	2.777833e-02
4.200000e+01	4.300000e+01	1.837430e-01	1.401471e-02	1.401471e-02
4.300000e+01	4.400000e+01	1.905390e-01	9.672967e-03	9.672967e-03
4.400000e+01	4.500000e+01	2.078060e-01	4.456522e-03	4.456522e-03
4.500000e+01	4.600000e+01	2.276530e-01	8.083660e-03	8.083660e-03
4.600000e+01	4.700000e+01	2.767500e-01	1.645355e-02	1.645355e-02
4.700000e+01	4.800000e+01	2.877910e-01	1.984039e-02	1.984039e-02
4.800000e+01	4.900000e+01	3.343980e-01	2.530374e-02	2.530374e-02
4.900000e+01	5.000000e+01	8.467720e-02	7.564904e-03	7.564904e-03
5.000000e+01	5.100000e+01	2.680870e-01	4.759322e-02	4.759322e-02
5.100000e+01	5.200000e+01	2.144610e-01	2.651616e-02	2.651616e-02
5.200000e+01	5.300000e+01	1.920000e-01	1.555320e-02	1.555320e-02
5.300000e+01	5.400000e+01	1.998260e-01	1.105973e-02	1.105973e-02
5.400000e+01	5.500000e+01	2.227250e-01	4.630828e-03	4.630828e-03
5.500000e+01	5.600000e+01	2.253570e-01	9.066907e-03	9.066907e-03
5.600000e+01	5.700000e+01	2.614430e-01	1.704464e-02	1.704464e-02
5.700000e+01	5.800000e+01	2.904740e-01	2.213876e-02	2.213876e-02
5.800000e+01	5.900000e+01	3.070070e-01	2.182249e-02	2.182249e-02
5.900000e+01	6.000000e+01	8.460960e-02	6.603250e-03	6.603250e-03
6.000000e+01	6.100000e+01	2.568100e-01	4.436813e-02	4.436813e-02
6.100000e+01	6.200000e+01	2.044600e-01	2.677986e-02	2.677986e-02
6.200000e+01	6.300000e+01	1.836810e-01	1.789933e-02	1.789933e-02
6.300000e+01	6.400000e+01	1.945930e-01	1.192483e-02	1.192483e-02
6.400000e+01	6.500000e+01	2.201710e-01	5.649269e-03	5.649269e-03
6.500000e+01	6.600000e+01	2.252670e-01	9.623236e-03	9.623236e-03
6.600000e+01	6.700000e+01	2.524740e-01	1.852809e-02	1.852809e-02
6.700000e+01	6.800000e+01	3.020880e-01	2.607704e-02	2.607704e-02
6.800000e+01	6.900000e+01	2.672010e-01	2.365956e-02	2.365956e-02
6.900000e+01	7.000000e+01	8.703680e-02	8.632607e-03	8.632607e-03
7.000000e+01	7.100000e+01	2.415110e-01	4.147198e-02	4.147198e-02
7.100000e+01	7.200000e+01	1.961010e-01	2.727314e-02	2.727314e-02
7.200000e+01	7.300000e+01	1.804730e-01	1.983203e-02	1.983203e-02
7.300000e+01	7.400000e+01	1.918570e-01	1.414622e-02	1.414622e-02
7.400000e+01	7.500000e+01	2.292630e-01	6.101228e-03	6.101228e-03
7.500000e+01	7.600000e+01	2.514830e-01	1.288203e-02	1.288203e-02
7.600000e+01	7.700000e+01	2.620250e-01	2.169536e-02	2.169536e-02
7.700000e+01	7.800000e+01	2.572290e-01	2.345980e-02	2.345980e-02
7.800000e+01	7.900000e+01	2.870560e-01	2.710852e-02	2.710852e-02
7.900000e+01	8.000000e+01	8.349280e-02	9.035589e-03	9.035589e-03
8.000000e+01	8.100000e+01	2.119140e-01	3.073584e-02	3.073584e-02
8.100000e+01	8.200000e+01	1.755820e-01	2.327722e-02	2.327722e-02
8.200000e+01	8.300000e+01	1.725140e-01	1.958771e-02	1.958771e-02
8.300000e+01	8.400000e+01	1.884820e-01	1.304955e-02	1.304955e-02
8.400000e+01	8.500000e+01	2.227060e-01	4.558699e-03	4.558699e-03
8.500000e+01	8.600000e+01	2.580420e-01	1.377106e-02	1.377106e-02
8.600000e+01	8.700000e+01	2.512060e-01	1.992477e-02	1.992477e-02
8.700000e+01	8.800000e+01	2.680460e-01	2.334668e-02	2.334668e-02
8.800000e+01	8.900000e+01	2.872000e-01	2.488091e-02	2.488091e-02
8.900000e+01	9.000000e+01	5.683210e-02	5.409424e-03	5.409424e-03
# END HISTO1D


# BEGIN HISTO1D //Users/jenniferroloff/Work/tuningStudies/SoftDropMassInclPt_tune.yoda/SoftDropMass/d04-x01-y01
LineColor=red
LineStyle=solid
Path=//Users/jenniferroloff/Work/tuningStudies/SoftDropMassInclPt_tune.yoda/SoftDropMass/d04-x01-y01
Title=SD Mass
# xlow	 xhigh	 val	 errminus	 errplus
0.000000e+00	1.000000e+00	2.404014e-01	1.024145e-02	1.024145e-02
1.000000e+00	2.000000e+00	2.286213e-01	9.987368e-03	9.987368e-03
2.000000e+00	3.000000e+00	1.762653e-01	8.769525e-03	8.769525e-03
3.000000e+00	4.000000e+00	1.985166e-01	9.306601e-03	9.306601e-03
4.000000e+00	5.000000e+00	2.242583e-01	9.891609e-03	9.891609e-03
5.000000e+00	6.000000e+00	2.277487e-01	9.968289e-03	9.968289e-03
6.000000e+00	7.000000e+00	2.578534e-01	1.060667e-02	1.060667e-02
7.000000e+00	8.000000e+00	2.901396e-01	1.125113e-02	1.125113e-02
8.000000e+00	9.000000e+00	3.167539e-01	1.175584e-02	1.175584e-02
9.000000e+00	1.000000e+01	9.336824e-02	6.382521e-03	6.382521e-03
1.000000e+01	1.100000e+01	2.673993e-01	1.399632e-02	1.399632e-02
1.100000e+01	1.200000e+01	2.476190e-01	1.346870e-02	1.346870e-02
1.200000e+01	1.300000e+01	1.978022e-01	1.203786e-02	1.203786e-02
1.300000e+01	1.400000e+01	1.992674e-01	1.208236e-02	1.208236e-02
1.400000e+01	1.500000e+01	2.051282e-01	1.225876e-02	1.225876e-02
1.500000e+01	1.600000e+01	2.476190e-01	1.346870e-02	1.346870e-02
1.600000e+01	1.700000e+01	2.483516e-01	1.348861e-02	1.348861e-02
1.700000e+01	1.800000e+01	2.989011e-01	1.479781e-02	1.479781e-02
1.800000e+01	1.900000e+01	3.472527e-01	1.594985e-02	1.594985e-02
1.900000e+01	2.000000e+01	1.010989e-01	8.606110e-03	8.606110e-03
2.000000e+01	2.100000e+01	2.359307e-01	1.597925e-02	1.597925e-02
2.100000e+01	2.200000e+01	2.467532e-01	1.634163e-02	1.634163e-02
2.200000e+01	2.300000e+01	1.872294e-01	1.423479e-02	1.423479e-02
2.300000e+01	2.400000e+01	1.872294e-01	1.423479e-02	1.423479e-02
2.400000e+01	2.500000e+01	1.991342e-01	1.468037e-02	1.468037e-02
2.500000e+01	2.600000e+01	2.510823e-01	1.648436e-02	1.648436e-02
2.600000e+01	2.700000e+01	2.835498e-01	1.751777e-02	1.751777e-02
2.700000e+01	2.800000e+01	2.662338e-01	1.697445e-02	1.697445e-02
2.800000e+01	2.900000e+01	2.900433e-01	1.771721e-02	1.771721e-02
2.900000e+01	3.000000e+01	9.307359e-02	1.003638e-02	1.003638e-02
3.000000e+01	3.100000e+01	2.359209e-01	1.894962e-02	1.894962e-02
3.100000e+01	3.200000e+01	2.024353e-01	1.755337e-02	1.755337e-02
3.200000e+01	3.300000e+01	1.613394e-01	1.567067e-02	1.567067e-02
3.300000e+01	3.400000e+01	1.522070e-01	1.522070e-02	1.522070e-02
3.400000e+01	3.500000e+01	2.054795e-01	1.768486e-02	1.768486e-02
3.500000e+01	3.600000e+01	2.557078e-01	1.972828e-02	1.972828e-02
3.600000e+01	3.700000e+01	2.480974e-01	1.943249e-02	1.943249e-02
3.700000e+01	3.800000e+01	2.907154e-01	2.103543e-02	2.103543e-02
3.800000e+01	3.900000e+01	2.511416e-01	1.955134e-02	1.955134e-02
3.900000e+01	4.000000e+01	1.019787e-01	1.245868e-02	1.245868e-02
4.000000e+01	4.100000e+01	2.653061e-01	2.601541e-02	2.601541e-02
4.100000e+01	4.200000e+01	2.321429e-01	2.433518e-02	2.433518e-02
4.200000e+01	4.300000e+01	1.938776e-01	2.223928e-02	2.223928e-02
4.300000e+01	4.400000e+01	1.913265e-01	2.209249e-02	2.209249e-02
4.400000e+01	4.500000e+01	2.168367e-01	2.351925e-02	2.351925e-02
4.500000e+01	4.600000e+01	2.372449e-01	2.460115e-02	2.460115e-02
4.600000e+01	4.700000e+01	2.729592e-01	2.638796e-02	2.638796e-02
4.700000e+01	4.800000e+01	2.729592e-01	2.638796e-02	2.638796e-02
4.800000e+01	4.900000e+01	2.704082e-01	2.626436e-02	2.626436e-02
4.900000e+01	5.000000e+01	8.418367e-02	1.465450e-02	1.465450e-02
5.000000e+01	5.100000e+01	2.382812e-01	3.050879e-02	3.050879e-02
5.100000e+01	5.200000e+01	1.914062e-01	2.734375e-02	2.734375e-02
5.200000e+01	5.300000e+01	1.953125e-01	2.762136e-02	2.762136e-02
5.300000e+01	5.400000e+01	1.992188e-01	2.789620e-02	2.789620e-02
5.400000e+01	5.500000e+01	2.265625e-01	2.974911e-02	2.974911e-02
5.500000e+01	5.600000e+01	2.539062e-01	3.149319e-02	3.149319e-02
5.600000e+01	5.700000e+01	2.226562e-01	2.949154e-02	2.949154e-02
5.700000e+01	5.800000e+01	2.968750e-01	3.405390e-02	3.405390e-02
5.800000e+01	5.900000e+01	3.593750e-01	3.746744e-02	3.746744e-02
5.900000e+01	6.000000e+01	1.054688e-01	2.029747e-02	2.029747e-02
6.000000e+01	6.100000e+01	2.512563e-01	3.553300e-02	3.553300e-02
6.100000e+01	6.200000e+01	1.859296e-01	3.056665e-02	3.056665e-02
6.200000e+01	6.300000e+01	2.663317e-01	3.658347e-02	3.658347e-02
6.300000e+01	6.400000e+01	2.160804e-01	3.295195e-02	3.295195e-02
6.400000e+01	6.500000e+01	2.311558e-01	3.408206e-02	3.408206e-02
6.500000e+01	6.600000e+01	2.311558e-01	3.408206e-02	3.408206e-02
6.600000e+01	6.700000e+01	2.010050e-01	3.178169e-02	3.178169e-02
6.700000e+01	6.800000e+01	3.366834e-01	4.113242e-02	4.113242e-02
6.800000e+01	6.900000e+01	2.914573e-01	3.827021e-02	3.827021e-02
6.900000e+01	7.000000e+01	9.045226e-02	2.131980e-02	2.131980e-02
7.000000e+01	7.100000e+01	1.893491e-01	3.347251e-02	3.347251e-02
7.100000e+01	7.200000e+01	1.597633e-01	3.074646e-02	3.074646e-02
7.200000e+01	7.300000e+01	1.183432e-01	2.646234e-02	2.646234e-02
7.300000e+01	7.400000e+01	1.242604e-01	2.711583e-02	2.711583e-02
7.400000e+01	7.500000e+01	1.893491e-01	3.347251e-02	3.347251e-02
7.500000e+01	7.600000e+01	2.662722e-01	3.969351e-02	3.969351e-02
7.600000e+01	7.700000e+01	2.544379e-01	3.880142e-02	3.880142e-02
7.700000e+01	7.800000e+01	2.899408e-01	4.142012e-02	4.142012e-02
7.800000e+01	7.900000e+01	2.721893e-01	4.013213e-02	4.013213e-02
7.900000e+01	8.000000e+01	5.917160e-02	1.871170e-02	1.871170e-02
8.000000e+01	8.100000e+01	1.954674e-01	2.353151e-02	2.353151e-02
8.100000e+01	8.200000e+01	1.643059e-01	2.157443e-02	2.157443e-02
8.200000e+01	8.300000e+01	1.869688e-01	2.301427e-02	2.301427e-02
8.300000e+01	8.400000e+01	1.699717e-01	2.194325e-02	2.194325e-02
8.400000e+01	8.500000e+01	2.181303e-01	2.485826e-02	2.485826e-02
8.500000e+01	8.600000e+01	2.351275e-01	2.580859e-02	2.580859e-02
8.600000e+01	8.700000e+01	2.634561e-01	2.731912e-02	2.731912e-02
8.700000e+01	8.800000e+01	2.832861e-01	2.832861e-02	2.832861e-02
8.800000e+01	8.900000e+01	2.917847e-01	2.875040e-02	2.875040e-02
8.900000e+01	9.000000e+01	7.648725e-02	1.471998e-02	1.471998e-02
# END HISTO1D


# BEGIN HISTO1D //Users/jenniferroloff/Work/tuningStudies/SoftDropObservablesCalo_tune.yoda/SoftDropMass/d04-x01-y01
LineColor=blue
LineStyle=solid
Path=//Users/jenniferroloff/Work/tuningStudies/SoftDropObservablesCalo_tune.yoda/SoftDropMass/d04-x01-y01
Title=SD Calo Obs.
# xlow	 xhigh	 val	 errminus	 errplus
0.000000e+00	1.000000e+00	2.311111e-01	1.013489e-02	1.013489e-02
1.000000e+00	2.000000e+00	2.333333e-01	1.018350e-02	1.018350e-02
2.000000e+00	3.000000e+00	2.008889e-01	9.449018e-03	9.449018e-03
3.000000e+00	4.000000e+00	1.791111e-01	8.922160e-03	8.922160e-03
4.000000e+00	5.000000e+00	1.973333e-01	9.365025e-03	9.365025e-03
5.000000e+00	6.000000e+00	2.400000e-01	1.032796e-02	1.032796e-02
6.000000e+00	7.000000e+00	2.484444e-01	1.050808e-02	1.050808e-02
7.000000e+00	8.000000e+00	3.142222e-01	1.181754e-02	1.181754e-02
8.000000e+00	9.000000e+00	3.444444e-01	1.237281e-02	1.237281e-02
9.000000e+00	1.000000e+01	1.008889e-01	6.696231e-03	6.696231e-03
1.000000e+01	1.100000e+01	2.565698e-01	1.332044e-02	1.332044e-02
1.100000e+01	1.200000e+01	2.219917e-01	1.239037e-02	1.239037e-02
1.200000e+01	1.300000e+01	1.991701e-01	1.173621e-02	1.173621e-02
1.300000e+01	1.400000e+01	2.019364e-01	1.181743e-02	1.181743e-02
1.400000e+01	1.500000e+01	1.922545e-01	1.153066e-02	1.153066e-02
1.500000e+01	1.600000e+01	2.489627e-01	1.312148e-02	1.312148e-02
1.600000e+01	1.700000e+01	2.482711e-01	1.310325e-02	1.310325e-02
1.700000e+01	1.800000e+01	3.105118e-01	1.465396e-02	1.465396e-02
1.800000e+01	1.900000e+01	3.533887e-01	1.563299e-02	1.563299e-02
1.900000e+01	2.000000e+01	1.016598e-01	8.384755e-03	8.384755e-03
2.000000e+01	2.100000e+01	2.450262e-01	1.601786e-02	1.601786e-02
2.100000e+01	2.200000e+01	2.209424e-01	1.521030e-02	1.521030e-02
2.200000e+01	2.300000e+01	1.643979e-01	1.312038e-02	1.312038e-02
2.300000e+01	2.400000e+01	2.000000e-01	1.447149e-02	1.447149e-02
2.400000e+01	2.500000e+01	1.884817e-01	1.404859e-02	1.404859e-02
2.500000e+01	2.600000e+01	2.293194e-01	1.549597e-02	1.549597e-02
2.600000e+01	2.700000e+01	2.837696e-01	1.723778e-02	1.723778e-02
2.700000e+01	2.800000e+01	2.984293e-01	1.767743e-02	1.767743e-02
2.800000e+01	2.900000e+01	3.340314e-01	1.870217e-02	1.870217e-02
2.900000e+01	3.000000e+01	1.235602e-01	1.137464e-02	1.137464e-02
3.000000e+01	3.100000e+01	2.200886e-01	1.803036e-02	1.803036e-02
3.100000e+01	3.200000e+01	1.935007e-01	1.690624e-02	1.690624e-02
3.200000e+01	3.300000e+01	1.418021e-01	1.447261e-02	1.447261e-02
3.300000e+01	3.400000e+01	1.890694e-01	1.671153e-02	1.671153e-02
3.400000e+01	3.500000e+01	2.230428e-01	1.815097e-02	1.815097e-02
3.500000e+01	3.600000e+01	2.466765e-01	1.908840e-02	1.908840e-02
3.600000e+01	3.700000e+01	2.511078e-01	1.925909e-02	1.925909e-02
3.700000e+01	3.800000e+01	2.791728e-01	2.030683e-02	2.030683e-02
3.800000e+01	3.900000e+01	3.087149e-01	2.135426e-02	2.135426e-02
3.900000e+01	4.000000e+01	1.019202e-01	1.226976e-02	1.226976e-02
4.000000e+01	4.100000e+01	2.302326e-01	2.313924e-02	2.313924e-02
4.100000e+01	4.200000e+01	2.255814e-01	2.290432e-02	2.290432e-02
4.200000e+01	4.300000e+01	2.023256e-01	2.169158e-02	2.169158e-02
4.300000e+01	4.400000e+01	2.325581e-01	2.325581e-02	2.325581e-02
4.400000e+01	4.500000e+01	2.046512e-01	2.181589e-02	2.181589e-02
4.500000e+01	4.600000e+01	2.279070e-01	2.302208e-02	2.302208e-02
4.600000e+01	4.700000e+01	2.488372e-01	2.405600e-02	2.405600e-02
4.700000e+01	4.800000e+01	3.186047e-01	2.722023e-02	2.722023e-02
4.800000e+01	4.900000e+01	3.558140e-01	2.876585e-02	2.876585e-02
4.900000e+01	5.000000e+01	8.604651e-02	1.414596e-02	1.414596e-02
5.000000e+01	5.100000e+01	2.234432e-01	2.860897e-02	2.860897e-02
5.100000e+01	5.200000e+01	1.721612e-01	2.511229e-02	2.511229e-02
5.200000e+01	5.300000e+01	1.831502e-01	2.590135e-02	2.590135e-02
5.300000e+01	5.400000e+01	1.684982e-01	2.484370e-02	2.484370e-02
5.400000e+01	5.500000e+01	1.831502e-01	2.590135e-02	2.590135e-02
5.500000e+01	5.600000e+01	2.161172e-01	2.813607e-02	2.813607e-02
5.600000e+01	5.700000e+01	2.673993e-01	3.129672e-02	3.129672e-02
5.700000e+01	5.800000e+01	3.333333e-01	3.494282e-02	3.494282e-02
5.800000e+01	5.900000e+01	3.736264e-01	3.699453e-02	3.699453e-02
5.900000e+01	6.000000e+01	6.959707e-02	1.596666e-02	1.596666e-02
6.000000e+01	6.100000e+01	1.755319e-01	3.055618e-02	3.055618e-02
6.100000e+01	6.200000e+01	2.074468e-01	3.321807e-02	3.321807e-02
6.200000e+01	6.300000e+01	2.021277e-01	3.278943e-02	3.278943e-02
6.300000e+01	6.400000e+01	2.021277e-01	3.278943e-02	3.278943e-02
6.400000e+01	6.500000e+01	2.074468e-01	3.321807e-02	3.321807e-02
6.500000e+01	6.600000e+01	2.340426e-01	3.528324e-02	3.528324e-02
6.600000e+01	6.700000e+01	2.712766e-01	3.798633e-02	3.798633e-02
6.700000e+01	6.800000e+01	2.872340e-01	3.908761e-02	3.908761e-02
6.800000e+01	6.900000e+01	3.138298e-01	4.085715e-02	4.085715e-02
6.900000e+01	7.000000e+01	9.042553e-02	2.193141e-02	2.193141e-02
7.000000e+01	7.100000e+01	1.987179e-01	3.569080e-02	3.569080e-02
7.100000e+01	7.200000e+01	1.794872e-01	3.391989e-02	3.391989e-02
7.200000e+01	7.300000e+01	1.538462e-01	3.140371e-02	3.140371e-02
7.300000e+01	7.400000e+01	1.282051e-01	2.866754e-02	2.866754e-02
7.400000e+01	7.500000e+01	2.115385e-01	3.682412e-02	3.682412e-02
7.500000e+01	7.600000e+01	2.564103e-01	4.054202e-02	4.054202e-02
7.600000e+01	7.700000e+01	2.692308e-01	4.154321e-02	4.154321e-02
7.700000e+01	7.800000e+01	2.628205e-01	4.104567e-02	4.104567e-02
7.800000e+01	7.900000e+01	2.884615e-01	4.300130e-02	4.300130e-02
7.900000e+01	8.000000e+01	9.615385e-02	2.482682e-02	2.482682e-02
8.000000e+01	8.100000e+01	2.256267e-01	2.506964e-02	2.506964e-02
8.100000e+01	8.200000e+01	1.587744e-01	2.103018e-02	2.103018e-02
8.200000e+01	8.300000e+01	1.587744e-01	2.103018e-02	2.103018e-02
8.300000e+01	8.400000e+01	1.838440e-01	2.262963e-02	2.262963e-02
8.400000e+01	8.500000e+01	1.866295e-01	2.280043e-02	2.280043e-02
8.500000e+01	8.600000e+01	2.590529e-01	2.686254e-02	2.686254e-02
8.600000e+01	8.700000e+01	2.701950e-01	2.743414e-02	2.743414e-02
8.700000e+01	8.800000e+01	2.841226e-01	2.813233e-02	2.813233e-02
8.800000e+01	8.900000e+01	2.841226e-01	2.813233e-02	2.813233e-02
8.900000e+01	9.000000e+01	1.030641e-01	1.694363e-02	1.694363e-02
# END HISTO1D


# BEGIN HISTO1D //Users/jenniferroloff/Work/tuningStudies/JSSSoftDrop_tune.yoda/SoftDropMass/d04-x01-y01
LineColor=green
LineStyle=solid
Path=//Users/jenniferroloff/Work/tuningStudies/JSSSoftDrop_tune.yoda/SoftDropMass/d04-x01-y01
Title=JSS Obs.
# xlow	 xhigh	 val	 errminus	 errplus
0.000000e+00	1.000000e+00	2.190009e-01	9.883372e-03	9.883372e-03
1.000000e+00	2.000000e+00	2.609277e-01	1.078804e-02	1.078804e-02
2.000000e+00	3.000000e+00	2.114184e-01	9.710768e-03	9.710768e-03
3.000000e+00	4.000000e+00	1.900089e-01	9.205962e-03	9.205962e-03
4.000000e+00	5.000000e+00	2.060660e-01	9.587058e-03	9.587058e-03
5.000000e+00	6.000000e+00	2.301517e-01	1.013186e-02	1.013186e-02
6.000000e+00	7.000000e+00	2.720785e-01	1.101614e-02	1.101614e-02
7.000000e+00	8.000000e+00	2.917038e-01	1.140652e-02	1.140652e-02
8.000000e+00	9.000000e+00	3.189117e-01	1.192662e-02	1.192662e-02
9.000000e+00	1.000000e+01	9.589652e-02	6.540089e-03	6.540089e-03
1.000000e+01	1.100000e+01	2.145863e-01	1.226708e-02	1.226708e-02
1.100000e+01	1.200000e+01	2.251052e-01	1.256415e-02	1.256415e-02
1.200000e+01	1.300000e+01	1.935484e-01	1.165024e-02	1.165024e-02
1.300000e+01	1.400000e+01	1.872370e-01	1.145872e-02	1.145872e-02
1.400000e+01	1.500000e+01	2.166900e-01	1.232707e-02	1.232707e-02
1.500000e+01	1.600000e+01	2.314165e-01	1.273906e-02	1.273906e-02
1.600000e+01	1.700000e+01	2.468443e-01	1.315685e-02	1.315685e-02
1.700000e+01	1.800000e+01	3.050491e-01	1.462598e-02	1.462598e-02
1.800000e+01	1.900000e+01	2.966339e-01	1.442284e-02	1.442284e-02
1.900000e+01	2.000000e+01	8.555400e-02	7.745695e-03	7.745695e-03
2.000000e+01	2.100000e+01	2.578548e-01	1.671425e-02	1.671425e-02
2.100000e+01	2.200000e+01	2.394366e-01	1.610625e-02	1.610625e-02
2.200000e+01	2.300000e+01	2.015168e-01	1.477593e-02	1.477593e-02
2.300000e+01	2.400000e+01	2.069339e-01	1.497321e-02	1.497321e-02
2.400000e+01	2.500000e+01	2.351029e-01	1.595983e-02	1.595983e-02
2.500000e+01	2.600000e+01	2.253521e-01	1.562536e-02	1.562536e-02
2.600000e+01	2.700000e+01	2.751896e-01	1.726693e-02	1.726693e-02
2.700000e+01	2.800000e+01	2.643554e-01	1.692362e-02	1.692362e-02
2.800000e+01	2.900000e+01	2.816901e-01	1.746968e-02	1.746968e-02
2.900000e+01	3.000000e+01	9.534128e-02	1.016341e-02	1.016341e-02
3.000000e+01	3.100000e+01	2.554257e-01	2.064994e-02	2.064994e-02
3.100000e+01	3.200000e+01	2.020033e-01	1.836394e-02	1.836394e-02
3.200000e+01	3.300000e+01	1.752922e-01	1.710676e-02	1.710676e-02
3.300000e+01	3.400000e+01	1.853088e-01	1.758874e-02	1.758874e-02
3.400000e+01	3.500000e+01	2.086811e-01	1.866501e-02	1.866501e-02
3.500000e+01	3.600000e+01	2.003339e-01	1.828790e-02	1.828790e-02
3.600000e+01	3.700000e+01	2.821369e-01	2.170284e-02	2.170284e-02
3.700000e+01	3.800000e+01	3.088481e-01	2.270696e-02	2.270696e-02
3.800000e+01	3.900000e+01	3.489149e-01	2.413495e-02	2.413495e-02
3.900000e+01	4.000000e+01	8.514190e-02	1.192225e-02	1.192225e-02
4.000000e+01	4.100000e+01	2.280702e-01	2.390825e-02	2.390825e-02
4.100000e+01	4.200000e+01	1.904762e-01	2.184912e-02	2.184912e-02
4.200000e+01	4.300000e+01	2.305764e-01	2.403926e-02	2.403926e-02
4.300000e+01	4.400000e+01	2.230576e-01	2.364406e-02	2.364406e-02
4.400000e+01	4.500000e+01	2.055138e-01	2.269520e-02	2.269520e-02
4.500000e+01	4.600000e+01	2.531328e-01	2.518766e-02	2.518766e-02
4.600000e+01	4.700000e+01	2.481203e-01	2.493703e-02	2.493703e-02
4.700000e+01	4.800000e+01	2.932331e-01	2.710941e-02	2.710941e-02
4.800000e+01	4.900000e+01	3.007519e-01	2.745476e-02	2.745476e-02
4.900000e+01	5.000000e+01	9.273183e-02	1.524502e-02	1.524502e-02
5.000000e+01	5.100000e+01	2.058824e-01	2.751219e-02	2.751219e-02
5.100000e+01	5.200000e+01	1.838235e-01	2.599657e-02	2.599657e-02
5.200000e+01	5.300000e+01	1.691176e-01	2.493504e-02	2.493504e-02
5.300000e+01	5.400000e+01	1.213235e-01	2.111972e-02	2.111972e-02
5.400000e+01	5.500000e+01	2.426471e-01	2.986779e-02	2.986779e-02
5.500000e+01	5.600000e+01	2.757353e-01	3.183917e-02	3.183917e-02
5.600000e+01	5.700000e+01	2.132353e-01	2.799917e-02	2.799917e-02
5.700000e+01	5.800000e+01	2.683824e-01	3.141178e-02	3.141178e-02
5.800000e+01	5.900000e+01	2.683824e-01	3.141178e-02	3.141178e-02
5.900000e+01	6.000000e+01	8.088235e-02	1.724418e-02	1.724418e-02
6.000000e+01	6.100000e+01	2.604651e-01	3.480612e-02	3.480612e-02
6.100000e+01	6.200000e+01	1.116279e-01	2.278595e-02	2.278595e-02
6.200000e+01	6.300000e+01	1.953488e-01	3.014298e-02	3.014298e-02
6.300000e+01	6.400000e+01	1.813953e-01	2.904650e-02	2.904650e-02
6.400000e+01	6.500000e+01	2.558140e-01	3.449394e-02	3.449394e-02
6.500000e+01	6.600000e+01	2.418605e-01	3.354001e-02	3.354001e-02
6.600000e+01	6.700000e+01	2.232558e-01	3.222420e-02	3.222420e-02
6.700000e+01	6.800000e+01	2.790698e-01	3.602775e-02	3.602775e-02
6.800000e+01	6.900000e+01	2.697674e-01	3.542220e-02	3.542220e-02
6.900000e+01	7.000000e+01	5.581395e-02	1.611210e-02	1.611210e-02
7.000000e+01	7.100000e+01	2.307692e-01	4.213251e-02	4.213251e-02
7.100000e+01	7.200000e+01	2.076923e-01	3.997040e-02	3.997040e-02
7.200000e+01	7.300000e+01	1.461538e-01	3.352999e-02	3.352999e-02
7.300000e+01	7.400000e+01	1.615385e-01	3.525059e-02	3.525059e-02
7.400000e+01	7.500000e+01	2.846154e-01	4.679048e-02	4.679048e-02
7.500000e+01	7.600000e+01	2.307692e-01	4.213251e-02	4.213251e-02
7.600000e+01	7.700000e+01	2.153846e-01	4.070387e-02	4.070387e-02
7.700000e+01	7.800000e+01	2.692308e-01	4.550831e-02	4.550831e-02
7.800000e+01	7.900000e+01	2.615385e-01	4.485347e-02	4.485347e-02
7.900000e+01	8.000000e+01	7.692308e-02	2.432521e-02	2.432521e-02
8.000000e+01	8.100000e+01	1.934524e-01	2.399481e-02	2.399481e-02
8.100000e+01	8.200000e+01	2.261905e-01	2.594583e-02	2.594583e-02
8.200000e+01	8.300000e+01	1.994048e-01	2.436117e-02	2.436117e-02
8.300000e+01	8.400000e+01	2.291667e-01	2.611597e-02	2.611597e-02
8.400000e+01	8.500000e+01	2.410714e-01	2.678571e-02	2.678571e-02
8.500000e+01	8.600000e+01	2.291667e-01	2.611597e-02	2.611597e-02
8.600000e+01	8.700000e+01	2.708333e-01	2.839105e-02	2.839105e-02
8.700000e+01	8.800000e+01	2.589286e-01	2.776006e-02	2.776006e-02
8.800000e+01	8.900000e+01	3.035714e-01	3.005805e-02	3.005805e-02
8.900000e+01	9.000000e+01	7.142857e-02	1.458029e-02	1.458029e-02
# END HISTO1D


# BEGIN HISTO1D //Users/jenniferroloff/Work/tuningStudies/mytest_tune.yoda/SoftDropMass/d04-x01-y01
LineColor=orange
LineStyle=solid
Path=//Users/jenniferroloff/Work/tuningStudies/mytest_tune.yoda/SoftDropMass/d04-x01-y01
Title=My test
# xlow	 xhigh	 val	 errminus	 errplus
0.000000e+00	1.000000e+00	2.540984e-01	1.046994e-02	1.046994e-02
1.000000e+00	2.000000e+00	2.493529e-01	1.037171e-02	1.037171e-02
2.000000e+00	3.000000e+00	1.919758e-01	9.100527e-03	9.100527e-03
3.000000e+00	4.000000e+00	1.954271e-01	9.181966e-03	9.181966e-03
4.000000e+00	5.000000e+00	1.971527e-01	9.222415e-03	9.222415e-03
5.000000e+00	6.000000e+00	2.325280e-01	1.001569e-02	1.001569e-02
6.000000e+00	7.000000e+00	2.584124e-01	1.055845e-02	1.055845e-02
7.000000e+00	8.000000e+00	3.119068e-01	1.159994e-02	1.159994e-02
8.000000e+00	9.000000e+00	3.067299e-01	1.150327e-02	1.150327e-02
9.000000e+00	1.000000e+01	8.369284e-02	6.008795e-03	6.008795e-03
1.000000e+01	1.100000e+01	2.593376e-01	1.351891e-02	1.351891e-02
1.100000e+01	1.200000e+01	2.452431e-01	1.314641e-02	1.314641e-02
1.200000e+01	1.300000e+01	1.994362e-01	1.185525e-02	1.185525e-02
1.300000e+01	1.400000e+01	2.100070e-01	1.216538e-02	1.216538e-02
1.400000e+01	1.500000e+01	2.043693e-01	1.200097e-02	1.200097e-02
1.500000e+01	1.600000e+01	2.360817e-01	1.289852e-02	1.289852e-02
1.600000e+01	1.700000e+01	2.579281e-01	1.348212e-02	1.348212e-02
1.700000e+01	1.800000e+01	3.016209e-01	1.457939e-02	1.457939e-02
1.800000e+01	1.900000e+01	3.030303e-01	1.461342e-02	1.461342e-02
1.900000e+01	2.000000e+01	1.141649e-01	8.969642e-03	8.969642e-03
2.000000e+01	2.100000e+01	3.027523e-01	1.863312e-02	1.863312e-02
2.100000e+01	2.200000e+01	2.155963e-01	1.572398e-02	1.572398e-02
2.200000e+01	2.300000e+01	2.075688e-01	1.542847e-02	1.542847e-02
2.300000e+01	2.400000e+01	2.075688e-01	1.542847e-02	1.542847e-02
2.400000e+01	2.500000e+01	2.155963e-01	1.572398e-02	1.572398e-02
2.500000e+01	2.600000e+01	2.396789e-01	1.657894e-02	1.657894e-02
2.600000e+01	2.700000e+01	2.408257e-01	1.661855e-02	1.661855e-02
2.700000e+01	2.800000e+01	3.038991e-01	1.866837e-02	1.866837e-02
2.800000e+01	2.900000e+01	3.474771e-01	1.996204e-02	1.996204e-02
2.900000e+01	3.000000e+01	8.715596e-02	9.997475e-03	9.997475e-03
3.000000e+01	3.100000e+01	2.434641e-01	1.994535e-02	1.994535e-02
3.100000e+01	3.200000e+01	2.205882e-01	1.898521e-02	1.898521e-02
3.200000e+01	3.300000e+01	1.960784e-01	1.789943e-02	1.789943e-02
3.300000e+01	3.400000e+01	1.421569e-01	1.524082e-02	1.524082e-02
3.400000e+01	3.500000e+01	1.862745e-01	1.744621e-02	1.744621e-02
3.500000e+01	3.600000e+01	2.303922e-01	1.940252e-02	1.940252e-02
3.600000e+01	3.700000e+01	2.663399e-01	2.086135e-02	2.086135e-02
3.700000e+01	3.800000e+01	3.169935e-01	2.275880e-02	2.275880e-02
3.800000e+01	3.900000e+01	3.366013e-01	2.345212e-02	2.345212e-02
3.900000e+01	4.000000e+01	1.192810e-01	1.396079e-02	1.396079e-02
4.000000e+01	4.100000e+01	2.600536e-01	2.640444e-02	2.640444e-02
4.100000e+01	4.200000e+01	2.171582e-01	2.412869e-02	2.412869e-02
4.200000e+01	4.300000e+01	1.823056e-01	2.210780e-02	2.210780e-02
4.300000e+01	4.400000e+01	2.520107e-01	2.599292e-02	2.599292e-02
4.400000e+01	4.500000e+01	2.064343e-01	2.352537e-02	2.352537e-02
4.500000e+01	4.600000e+01	2.493298e-01	2.585429e-02	2.585429e-02
4.600000e+01	4.700000e+01	2.332440e-01	2.500638e-02	2.500638e-02
4.700000e+01	4.800000e+01	3.109920e-01	2.887488e-02	2.887488e-02
4.800000e+01	4.900000e+01	3.672922e-01	3.137989e-02	3.137989e-02
4.900000e+01	5.000000e+01	8.847185e-02	1.540097e-02	1.540097e-02
5.000000e+01	5.100000e+01	3.035019e-01	3.436482e-02	3.436482e-02
5.100000e+01	5.200000e+01	2.178988e-01	2.911796e-02	2.911796e-02
5.200000e+01	5.300000e+01	2.451362e-01	3.088426e-02	3.088426e-02
5.300000e+01	5.400000e+01	2.217899e-01	2.937679e-02	2.937679e-02
5.400000e+01	5.500000e+01	2.295720e-01	2.988773e-02	2.988773e-02
5.500000e+01	5.600000e+01	2.023346e-01	2.805877e-02	2.805877e-02
5.600000e+01	5.700000e+01	2.373541e-01	3.039008e-02	3.039008e-02
5.700000e+01	5.800000e+01	3.307393e-01	3.587371e-02	3.587371e-02
5.800000e+01	5.900000e+01	4.007782e-01	3.948985e-02	3.948985e-02
5.900000e+01	6.000000e+01	1.284047e-01	2.235238e-02	2.235238e-02
6.000000e+01	6.100000e+01	3.134328e-01	3.948882e-02	3.948882e-02
6.100000e+01	6.200000e+01	2.039801e-01	3.185633e-02	3.185633e-02
6.200000e+01	6.300000e+01	1.243781e-01	2.487562e-02	2.487562e-02
6.300000e+01	6.400000e+01	1.840796e-01	3.026250e-02	3.026250e-02
6.400000e+01	6.500000e+01	1.741294e-01	2.943323e-02	2.943323e-02
6.500000e+01	6.600000e+01	2.437811e-01	3.482587e-02	3.482587e-02
6.600000e+01	6.700000e+01	2.388060e-01	3.446867e-02	3.446867e-02
6.700000e+01	6.800000e+01	3.432836e-01	4.132649e-02	4.132649e-02
6.800000e+01	6.900000e+01	2.089552e-01	3.224249e-02	3.224249e-02
6.900000e+01	7.000000e+01	6.965174e-02	1.861521e-02	1.861521e-02
7.000000e+01	7.100000e+01	1.985816e-01	3.752839e-02	3.752839e-02
7.100000e+01	7.200000e+01	1.843972e-01	3.616325e-02	3.616325e-02
7.200000e+01	7.300000e+01	1.063830e-01	2.746797e-02	2.746797e-02
7.300000e+01	7.400000e+01	2.127660e-01	3.884557e-02	3.884557e-02
7.400000e+01	7.500000e+01	2.340426e-01	4.074158e-02	4.074158e-02
7.500000e+01	7.600000e+01	1.560284e-01	3.326536e-02	3.326536e-02
7.600000e+01	7.700000e+01	2.978723e-01	4.596270e-02	4.596270e-02
7.700000e+01	7.800000e+01	3.120567e-01	4.704432e-02	4.704432e-02
7.800000e+01	7.900000e+01	3.120567e-01	4.704432e-02	4.704432e-02
7.900000e+01	8.000000e+01	8.510638e-02	2.456810e-02	2.456810e-02
8.000000e+01	8.100000e+01	1.918605e-01	2.361639e-02	2.361639e-02
8.100000e+01	8.200000e+01	2.238372e-01	2.550862e-02	2.550862e-02
8.200000e+01	8.300000e+01	1.947674e-01	2.379463e-02	2.379463e-02
8.300000e+01	8.400000e+01	2.005814e-01	2.414716e-02	2.414716e-02
8.400000e+01	8.500000e+01	2.034884e-01	2.432151e-02	2.432151e-02
8.500000e+01	8.600000e+01	2.674419e-01	2.788274e-02	2.788274e-02
8.600000e+01	8.700000e+01	2.587209e-01	2.742436e-02	2.742436e-02
8.700000e+01	8.800000e+01	2.703488e-01	2.803387e-02	2.803387e-02
8.800000e+01	8.900000e+01	3.866279e-01	3.352489e-02	3.352489e-02
8.900000e+01	9.000000e+01	8.720930e-02	1.592217e-02	1.592217e-02
# END HISTO1D


# BEGIN HISTO1D //Users/jenniferroloff/Work/tuningStudies/Lund_Plane_tune.yoda/SoftDropMass/d04-x01-y01
LineColor=lilac
LineStyle=solid
Path=//Users/jenniferroloff/Work/tuningStudies/Lund_Plane_tune.yoda/SoftDropMass/d04-x01-y01
Title=Lund
# xlow	 xhigh	 val	 errminus	 errplus
0.000000e+00	1.000000e+00	2.452685e-01	6.143242e-03	6.143242e-03
1.000000e+00	2.000000e+00	2.381905e-01	6.053952e-03	6.053952e-03
2.000000e+00	3.000000e+00	2.038775e-01	5.600946e-03	5.600946e-03
3.000000e+00	4.000000e+00	1.906447e-01	5.416131e-03	5.416131e-03
4.000000e+00	5.000000e+00	2.103401e-01	5.689024e-03	5.689024e-03
5.000000e+00	6.000000e+00	2.360363e-01	6.026514e-03	6.026514e-03
6.000000e+00	7.000000e+00	2.575781e-01	6.295514e-03	6.295514e-03
7.000000e+00	8.000000e+00	2.960455e-01	6.749258e-03	6.749258e-03
8.000000e+00	9.000000e+00	3.089706e-01	6.895016e-03	6.895016e-03
9.000000e+00	1.000000e+01	9.416833e-02	3.806530e-03	3.806530e-03
1.000000e+01	1.100000e+01	2.415961e-01	7.643763e-03	7.643763e-03
1.100000e+01	1.200000e+01	2.444982e-01	7.689534e-03	7.689534e-03
1.200000e+01	1.300000e+01	1.910520e-01	6.797325e-03	6.797325e-03
1.300000e+01	1.400000e+01	1.871826e-01	6.728139e-03	6.728139e-03
1.400000e+01	1.500000e+01	1.985490e-01	6.929407e-03	6.929407e-03
1.500000e+01	1.600000e+01	2.435308e-01	7.674308e-03	7.674308e-03
1.600000e+01	1.700000e+01	2.660218e-01	8.020858e-03	8.020858e-03
1.700000e+01	1.800000e+01	2.918984e-01	8.401912e-03	8.401912e-03
1.800000e+01	1.900000e+01	3.163241e-01	8.746380e-03	8.746380e-03
1.900000e+01	2.000000e+01	8.778718e-02	4.607632e-03	4.607632e-03
2.000000e+01	2.100000e+01	2.460908e-01	9.571824e-03	9.571824e-03
2.100000e+01	2.200000e+01	2.330603e-01	9.314964e-03	9.314964e-03
2.200000e+01	2.300000e+01	1.868950e-01	8.341533e-03	8.341533e-03
2.300000e+01	2.400000e+01	1.924795e-01	8.465240e-03	8.465240e-03
2.400000e+01	2.500000e+01	2.092331e-01	8.825964e-03	8.825964e-03
2.500000e+01	2.600000e+01	2.464631e-01	9.579062e-03	9.579062e-03
2.600000e+01	2.700000e+01	2.639613e-01	9.913274e-03	9.913274e-03
2.700000e+01	2.800000e+01	2.803425e-01	1.021625e-02	1.021625e-02
2.800000e+01	2.900000e+01	3.019360e-01	1.060241e-02	1.060241e-02
2.900000e+01	3.000000e+01	9.381981e-02	5.910092e-03	5.910092e-03
3.000000e+01	3.100000e+01	2.399103e-01	1.159650e-02	1.159650e-02
3.100000e+01	3.200000e+01	1.827354e-01	1.012078e-02	1.012078e-02
3.200000e+01	3.300000e+01	1.631166e-01	9.562064e-03	9.562064e-03
3.300000e+01	3.400000e+01	1.866592e-01	1.022886e-02	1.022886e-02
3.400000e+01	3.500000e+01	2.040359e-01	1.069439e-02	1.069439e-02
3.500000e+01	3.600000e+01	2.477578e-01	1.178464e-02	1.178464e-02
3.600000e+01	3.700000e+01	2.500000e-01	1.183784e-02	1.183784e-02
3.700000e+01	3.800000e+01	2.982063e-01	1.292888e-02	1.292888e-02
3.800000e+01	3.900000e+01	3.172646e-01	1.333563e-02	1.333563e-02
3.900000e+01	4.000000e+01	8.912556e-02	7.068116e-03	7.068116e-03
4.000000e+01	4.100000e+01	2.421329e-01	1.454835e-02	1.454835e-02
4.100000e+01	4.200000e+01	2.097902e-01	1.354190e-02	1.354190e-02
4.200000e+01	4.300000e+01	1.923077e-01	1.296538e-02	1.296538e-02
4.300000e+01	4.400000e+01	1.975524e-01	1.314099e-02	1.314099e-02
4.400000e+01	4.500000e+01	2.097902e-01	1.354190e-02	1.354190e-02
4.500000e+01	4.600000e+01	2.360140e-01	1.436335e-02	1.436335e-02
4.600000e+01	4.700000e+01	2.639860e-01	1.519069e-02	1.519069e-02
4.700000e+01	4.800000e+01	2.902098e-01	1.592733e-02	1.592733e-02
4.800000e+01	4.900000e+01	3.138112e-01	1.656232e-02	1.656232e-02
4.900000e+01	5.000000e+01	9.790210e-02	9.250879e-03	9.250879e-03
5.000000e+01	5.100000e+01	2.364096e-01	1.728798e-02	1.728798e-02
5.100000e+01	5.200000e+01	2.237674e-01	1.681939e-02	1.681939e-02
5.200000e+01	5.300000e+01	1.820480e-01	1.517067e-02	1.517067e-02
5.300000e+01	5.400000e+01	1.972187e-01	1.579013e-02	1.579013e-02
5.400000e+01	5.500000e+01	2.262958e-01	1.691414e-02	1.691414e-02
5.500000e+01	5.600000e+01	2.503161e-01	1.778919e-02	1.778919e-02
5.600000e+01	5.700000e+01	2.402023e-01	1.742610e-02	1.742610e-02
5.700000e+01	5.800000e+01	2.831858e-01	1.892115e-02	1.892115e-02
5.800000e+01	5.900000e+01	2.996207e-01	1.946246e-02	1.946246e-02
5.900000e+01	6.000000e+01	7.711757e-02	9.873893e-03	9.873893e-03
6.000000e+01	6.100000e+01	2.737864e-01	2.305698e-02	2.305698e-02
6.100000e+01	6.200000e+01	2.155340e-01	2.045758e-02	2.045758e-02
6.200000e+01	6.300000e+01	2.038835e-01	1.989699e-02	1.989699e-02
6.300000e+01	6.400000e+01	2.155340e-01	2.045758e-02	2.045758e-02
6.400000e+01	6.500000e+01	2.330097e-01	2.127078e-02	2.127078e-02
6.500000e+01	6.600000e+01	2.427184e-01	2.170940e-02	2.170940e-02
6.600000e+01	6.700000e+01	2.368932e-01	2.144730e-02	2.144730e-02
6.700000e+01	6.800000e+01	2.873786e-01	2.362238e-02	2.362238e-02
6.800000e+01	6.900000e+01	3.145631e-01	2.471441e-02	2.471441e-02
6.900000e+01	7.000000e+01	8.349515e-02	1.273289e-02	1.273289e-02
7.000000e+01	7.100000e+01	2.414634e-01	2.426799e-02	2.426799e-02
7.100000e+01	7.200000e+01	1.853659e-01	2.126292e-02	2.126292e-02
7.200000e+01	7.300000e+01	1.634146e-01	1.996428e-02	1.996428e-02
7.300000e+01	7.400000e+01	1.902439e-01	2.154088e-02	2.154088e-02
7.400000e+01	7.500000e+01	2.219512e-01	2.326681e-02	2.326681e-02
7.500000e+01	7.600000e+01	2.439024e-01	2.439024e-02	2.439024e-02
7.600000e+01	7.700000e+01	2.390244e-01	2.414511e-02	2.414511e-02
7.700000e+01	7.800000e+01	2.951220e-01	2.682927e-02	2.682927e-02
7.800000e+01	7.900000e+01	2.682927e-01	2.558070e-02	2.558070e-02
7.900000e+01	8.000000e+01	7.073171e-02	1.313455e-02	1.313455e-02
8.000000e+01	8.100000e+01	2.197917e-01	1.513108e-02	1.513108e-02
8.100000e+01	8.200000e+01	2.145833e-01	1.495073e-02	1.495073e-02
8.200000e+01	8.300000e+01	1.895833e-01	1.405285e-02	1.405285e-02
8.300000e+01	8.400000e+01	2.177083e-01	1.505920e-02	1.505920e-02
8.400000e+01	8.500000e+01	2.291667e-01	1.545041e-02	1.545041e-02
8.500000e+01	8.600000e+01	2.333333e-01	1.559024e-02	1.559024e-02
8.600000e+01	8.700000e+01	2.489583e-01	1.610378e-02	1.610378e-02
8.700000e+01	8.800000e+01	2.885417e-01	1.733679e-02	1.733679e-02
8.800000e+01	8.900000e+01	3.145833e-01	1.810224e-02	1.810224e-02
8.900000e+01	9.000000e+01	8.541667e-02	9.432693e-03	9.432693e-03
# END HISTO1D

