# BEGIN PLOT
LegendOnly=/SoftDropMass/d05-x01-y01 //Users/jenniferroloff/Work/tuningStudies/SoftDropMassInclPt_tune.yoda/SoftDropMass/d05-x01-y01 //Users/jenniferroloff/Work/tuningStudies/SoftDropObservablesCalo_tune.yoda/SoftDropMass/d05-x01-y01 //Users/jenniferroloff/Work/tuningStudies/JSSSoftDrop_tune.yoda/SoftDropMass/d05-x01-y01 //Users/jenniferroloff/Work/tuningStudies/mytest_tune.yoda/SoftDropMass/d05-x01-y01 //Users/jenniferroloff/Work/tuningStudies/Lund_Plane_tune.yoda/SoftDropMass/d05-x01-y01
DrawOnly=/SoftDropMass/d05-x01-y01 //Users/jenniferroloff/Work/tuningStudies/SoftDropMassInclPt_tune.yoda/SoftDropMass/d05-x01-y01 //Users/jenniferroloff/Work/tuningStudies/SoftDropObservablesCalo_tune.yoda/SoftDropMass/d05-x01-y01 //Users/jenniferroloff/Work/tuningStudies/JSSSoftDrop_tune.yoda/SoftDropMass/d05-x01-y01 //Users/jenniferroloff/Work/tuningStudies/mytest_tune.yoda/SoftDropMass/d05-x01-y01 //Users/jenniferroloff/Work/tuningStudies/Lund_Plane_tune.yoda/SoftDropMass/d05-x01-y01
RatioPlotReference=/SoftDropMass/d05-x01-y01
RatioPlot=1
LogY=1
Legend=1
# END PLOT

# BEGIN HISTO1D /SoftDropMass/d05-x01-y01
ConnectBins=0
ErrorBars=1
IsRef=1
Path=/SoftDropMass/d05-x01-y01
PolyMarker=*
Title=Data
# xlow	 xhigh	 val	 errminus	 errplus
0.000000e+00	1.000000e+00	1.332430e-02	1.082343e-03	1.082343e-03
1.000000e+00	2.000000e+00	6.560880e-02	6.410478e-03	6.410478e-03
2.000000e+00	3.000000e+00	1.524230e-01	1.799011e-02	1.799011e-02
3.000000e+00	4.000000e+00	2.141410e-01	1.042807e-02	1.042807e-02
4.000000e+00	5.000000e+00	2.392370e-01	6.346776e-03	6.346776e-03
5.000000e+00	6.000000e+00	2.360980e-01	1.160758e-02	1.160758e-02
6.000000e+00	7.000000e+00	2.482770e-01	9.149610e-03	9.149610e-03
7.000000e+00	8.000000e+00	2.763880e-01	1.556635e-02	1.556635e-02
8.000000e+00	9.000000e+00	2.358310e-01	1.654809e-02	1.654809e-02
9.000000e+00	1.000000e+01	5.619680e-02	4.926852e-03	4.926852e-03
1.000000e+01	1.100000e+01	1.719550e-02	1.391948e-03	1.391948e-03
1.100000e+01	1.200000e+01	7.707750e-02	9.845454e-03	9.845454e-03
1.200000e+01	1.300000e+01	1.671330e-01	2.095693e-02	2.095693e-02
1.300000e+01	1.400000e+01	2.258270e-01	1.082111e-02	1.082111e-02
1.400000e+01	1.500000e+01	2.438770e-01	7.250471e-03	7.250471e-03
1.500000e+01	1.600000e+01	2.366430e-01	1.280277e-02	1.280277e-02
1.600000e+01	1.700000e+01	2.504020e-01	7.720426e-03	7.720426e-03
1.700000e+01	1.800000e+01	2.690780e-01	8.803562e-03	8.803562e-03
1.800000e+01	1.900000e+01	2.459850e-01	1.043686e-02	1.043686e-02
1.900000e+01	2.000000e+01	5.336970e-02	3.421227e-03	3.421227e-03
2.000000e+01	2.100000e+01	2.108640e-02	2.027237e-03	2.027237e-03
2.100000e+01	2.200000e+01	8.756740e-02	1.204287e-02	1.204287e-02
2.200000e+01	2.300000e+01	1.744510e-01	1.998027e-02	1.998027e-02
2.300000e+01	2.400000e+01	2.312150e-01	1.125538e-02	1.125538e-02
2.400000e+01	2.500000e+01	2.437300e-01	5.524824e-03	5.524824e-03
2.500000e+01	2.600000e+01	2.363330e-01	1.178652e-02	1.178652e-02
2.600000e+01	2.700000e+01	2.557080e-01	8.694021e-03	8.694021e-03
2.700000e+01	2.800000e+01	2.642290e-01	7.852521e-03	7.852521e-03
2.800000e+01	2.900000e+01	2.229940e-01	1.140482e-02	1.140482e-02
2.900000e+01	3.000000e+01	5.467390e-02	4.696919e-03	4.696919e-03
3.000000e+01	3.100000e+01	2.648950e-02	3.653119e-03	3.653119e-03
3.100000e+01	3.200000e+01	1.004820e-01	1.487910e-02	1.487910e-02
3.200000e+01	3.300000e+01	1.839550e-01	1.981743e-02	1.981743e-02
3.300000e+01	3.400000e+01	2.315410e-01	9.390536e-03	9.390536e-03
3.400000e+01	3.500000e+01	2.420520e-01	7.223536e-03	7.223536e-03
3.500000e+01	3.600000e+01	2.373880e-01	1.130859e-02	1.130859e-02
3.600000e+01	3.700000e+01	2.551670e-01	5.783196e-03	5.783196e-03
3.700000e+01	3.800000e+01	2.653930e-01	5.738017e-03	5.738017e-03
3.800000e+01	3.900000e+01	2.222130e-01	1.005575e-02	1.005575e-02
3.900000e+01	4.000000e+01	5.386070e-02	4.080493e-03	4.080493e-03
4.000000e+01	4.100000e+01	3.163090e-02	4.628186e-03	4.628186e-03
4.100000e+01	4.200000e+01	1.159020e-01	1.866044e-02	1.866044e-02
4.200000e+01	4.300000e+01	1.969620e-01	2.133292e-02	2.133292e-02
4.300000e+01	4.400000e+01	2.352010e-01	7.362277e-03	7.362277e-03
4.400000e+01	4.500000e+01	2.400480e-01	7.615637e-03	7.615637e-03
4.500000e+01	4.600000e+01	2.349390e-01	1.001646e-02	1.001646e-02
4.600000e+01	4.700000e+01	2.576570e-01	7.753977e-03	7.753977e-03
4.700000e+01	4.800000e+01	2.673550e-01	9.197959e-03	9.197959e-03
4.800000e+01	4.900000e+01	2.430290e-01	1.175424e-02	1.175424e-02
4.900000e+01	5.000000e+01	5.613930e-02	4.186536e-03	4.186536e-03
5.000000e+01	5.100000e+01	3.866460e-02	6.980523e-03	6.980523e-03
5.100000e+01	5.200000e+01	1.264900e-01	2.240444e-02	2.240444e-02
5.200000e+01	5.300000e+01	2.071130e-01	2.350288e-02	2.350288e-02
5.300000e+01	5.400000e+01	2.478420e-01	8.560312e-03	8.560312e-03
5.400000e+01	5.500000e+01	2.499840e-01	8.094014e-03	8.094014e-03
5.500000e+01	5.600000e+01	2.368260e-01	1.062543e-02	1.062543e-02
5.600000e+01	5.700000e+01	2.522370e-01	9.465709e-03	9.465709e-03
5.700000e+01	5.800000e+01	2.609540e-01	1.108028e-02	1.108028e-02
5.800000e+01	5.900000e+01	2.172150e-01	1.086294e-02	1.086294e-02
5.900000e+01	6.000000e+01	5.609140e-02	4.178933e-03	4.178933e-03
6.000000e+01	6.100000e+01	4.109000e-02	7.908584e-03	7.908584e-03
6.100000e+01	6.200000e+01	1.286440e-01	2.273153e-02	2.273153e-02
6.200000e+01	6.300000e+01	2.042920e-01	2.218236e-02	2.218236e-02
6.300000e+01	6.400000e+01	2.429720e-01	6.782044e-03	6.782044e-03
6.400000e+01	6.500000e+01	2.511420e-01	8.930986e-03	8.930986e-03
6.500000e+01	6.600000e+01	2.383200e-01	1.013903e-02	1.013903e-02
6.600000e+01	6.700000e+01	2.364140e-01	7.727392e-03	7.727392e-03
6.700000e+01	6.800000e+01	2.741240e-01	1.326879e-02	1.326879e-02
6.800000e+01	6.900000e+01	1.936070e-01	1.159585e-02	1.159585e-02
6.900000e+01	7.000000e+01	5.864830e-02	4.798920e-03	4.798920e-03
7.000000e+01	7.100000e+01	4.781610e-02	9.169574e-03	9.169574e-03
7.100000e+01	7.200000e+01	1.402280e-01	2.385306e-02	2.385306e-02
7.200000e+01	7.300000e+01	2.123670e-01	2.124472e-02	2.124472e-02
7.300000e+01	7.400000e+01	2.453480e-01	7.619797e-03	7.619797e-03
7.400000e+01	7.500000e+01	2.582530e-01	9.086262e-03	9.086262e-03
7.500000e+01	7.600000e+01	2.570850e-01	1.027476e-02	1.027476e-02
7.600000e+01	7.700000e+01	2.270670e-01	7.368156e-03	7.368156e-03
7.700000e+01	7.800000e+01	2.575950e-01	1.244404e-02	1.244404e-02
7.800000e+01	7.900000e+01	2.065150e-01	1.286779e-02	1.286779e-02
7.900000e+01	8.000000e+01	5.629180e-02	4.873678e-03	4.873678e-03
8.000000e+01	8.100000e+01	7.819490e-02	1.703426e-02	1.703426e-02
8.100000e+01	8.200000e+01	1.756190e-01	2.984496e-02	2.984496e-02
8.200000e+01	8.300000e+01	2.269410e-01	1.890821e-02	1.890821e-02
8.300000e+01	8.400000e+01	2.476700e-01	5.073926e-03	5.073926e-03
8.400000e+01	8.500000e+01	2.556090e-01	7.946348e-03	7.946348e-03
8.500000e+01	8.600000e+01	2.565730e-01	6.947399e-03	6.947399e-03
8.600000e+01	8.700000e+01	2.372480e-01	6.600676e-03	6.600676e-03
8.700000e+01	8.800000e+01	2.505700e-01	9.754280e-03	9.754280e-03
8.800000e+01	8.900000e+01	2.098050e-01	1.025964e-02	1.025964e-02
8.900000e+01	9.000000e+01	3.839030e-02	2.561906e-03	2.561906e-03
# END HISTO1D


# BEGIN HISTO1D //Users/jenniferroloff/Work/tuningStudies/SoftDropMassInclPt_tune.yoda/SoftDropMass/d05-x01-y01
LineColor=red
LineStyle=solid
Path=//Users/jenniferroloff/Work/tuningStudies/SoftDropMassInclPt_tune.yoda/SoftDropMass/d05-x01-y01
Title=SD Mass
# xlow	 xhigh	 val	 errminus	 errplus
0.000000e+00	1.000000e+00	1.018330e-02	1.721292e-03	1.721292e-03
1.000000e+00	2.000000e+00	6.400931e-02	4.315507e-03	4.315507e-03
2.000000e+00	3.000000e+00	1.454757e-01	6.505871e-03	6.505871e-03
3.000000e+00	4.000000e+00	2.065755e-01	7.752640e-03	7.752640e-03
4.000000e+00	5.000000e+00	2.481816e-01	8.497574e-03	8.497574e-03
5.000000e+00	6.000000e+00	2.391621e-01	8.341735e-03	8.341735e-03
6.000000e+00	7.000000e+00	2.475997e-01	8.487607e-03	8.487607e-03
7.000000e+00	8.000000e+00	2.650567e-01	8.781721e-03	8.781721e-03
8.000000e+00	9.000000e+00	2.406168e-01	8.367066e-03	8.367066e-03
9.000000e+00	1.000000e+01	6.342741e-02	4.295846e-03	4.295846e-03
1.000000e+01	1.100000e+01	1.909308e-02	3.018881e-03	3.018881e-03
1.100000e+01	1.200000e+01	7.780430e-02	6.094103e-03	6.094103e-03
1.200000e+01	1.300000e+01	1.742243e-01	9.119319e-03	9.119319e-03
1.300000e+01	1.400000e+01	2.171838e-01	1.018173e-02	1.018173e-02
1.400000e+01	1.500000e+01	2.353222e-01	1.059838e-02	1.059838e-02
1.500000e+01	1.600000e+01	2.472554e-01	1.086378e-02	1.086378e-02
1.600000e+01	1.700000e+01	2.448687e-01	1.081122e-02	1.081122e-02
1.700000e+01	1.800000e+01	2.725537e-01	1.140602e-02	1.140602e-02
1.800000e+01	1.900000e+01	2.539379e-01	1.100960e-02	1.100960e-02
1.900000e+01	2.000000e+01	6.634845e-02	5.627602e-03	5.627602e-03
2.000000e+01	2.100000e+01	1.828822e-02	3.657644e-03	3.657644e-03
2.100000e+01	2.200000e+01	9.509876e-02	8.340713e-03	8.340713e-03
2.200000e+01	2.300000e+01	1.777615e-01	1.140341e-02	1.140341e-02
2.300000e+01	2.400000e+01	2.253109e-01	1.283828e-02	1.283828e-02
2.400000e+01	2.500000e+01	2.179956e-01	1.262815e-02	1.262815e-02
2.500000e+01	2.600000e+01	2.494514e-01	1.350855e-02	1.350855e-02
2.600000e+01	2.700000e+01	2.743233e-01	1.416599e-02	1.416599e-02
2.700000e+01	2.800000e+01	2.582297e-01	1.374418e-02	1.374418e-02
2.800000e+01	2.900000e+01	2.245794e-01	1.281742e-02	1.281742e-02
2.900000e+01	3.000000e+01	6.291149e-02	6.783920e-03	6.783920e-03
3.000000e+01	3.100000e+01	2.651113e-02	5.302227e-03	5.302227e-03
3.100000e+01	3.200000e+01	9.331919e-02	9.947860e-03	9.947860e-03
3.200000e+01	3.300000e+01	1.908802e-01	1.422737e-02	1.422737e-02
3.300000e+01	3.400000e+01	2.014846e-01	1.461723e-02	1.461723e-02
3.400000e+01	3.500000e+01	2.396607e-01	1.594199e-02	1.594199e-02
3.500000e+01	3.600000e+01	2.513256e-01	1.632535e-02	1.632535e-02
3.600000e+01	3.700000e+01	2.322375e-01	1.569316e-02	1.569316e-02
3.700000e+01	3.800000e+01	2.767762e-01	1.713202e-02	1.713202e-02
3.800000e+01	3.900000e+01	1.919406e-01	1.426683e-02	1.426683e-02
3.900000e+01	4.000000e+01	7.317073e-02	8.808721e-03	8.808721e-03
4.000000e+01	4.100000e+01	3.125000e-02	7.169242e-03	7.169242e-03
4.100000e+01	4.200000e+01	1.134868e-01	1.366221e-02	1.366221e-02
4.200000e+01	4.300000e+01	2.072368e-01	1.846213e-02	1.846213e-02
4.300000e+01	4.400000e+01	2.220395e-01	1.911012e-02	1.911012e-02
4.400000e+01	4.500000e+01	2.220395e-01	1.911012e-02	1.911012e-02
4.500000e+01	4.600000e+01	2.467105e-01	2.014383e-02	2.014383e-02
4.600000e+01	4.700000e+01	2.664474e-01	2.093408e-02	2.093408e-02
4.700000e+01	4.800000e+01	2.648026e-01	2.086937e-02	2.086937e-02
4.800000e+01	4.900000e+01	1.907895e-01	1.771436e-02	1.771436e-02
4.900000e+01	5.000000e+01	5.427632e-02	9.448294e-03	9.448294e-03
5.000000e+01	5.100000e+01	3.351955e-02	9.676262e-03	9.676262e-03
5.100000e+01	5.200000e+01	1.201117e-01	1.831687e-02	1.831687e-02
5.200000e+01	5.300000e+01	2.122905e-01	2.435139e-02	2.435139e-02
5.300000e+01	5.400000e+01	2.905028e-01	2.848614e-02	2.848614e-02
5.400000e+01	5.500000e+01	2.430168e-01	2.605413e-02	2.605413e-02
5.500000e+01	5.600000e+01	2.821229e-01	2.807228e-02	2.807228e-02
5.600000e+01	5.700000e+01	2.150838e-01	2.451107e-02	2.451107e-02
5.700000e+01	5.800000e+01	2.597765e-01	2.693757e-02	2.693757e-02
5.800000e+01	5.900000e+01	3.016760e-01	2.902878e-02	2.902878e-02
5.900000e+01	6.000000e+01	7.541899e-02	1.451439e-02	1.451439e-02
6.000000e+01	6.100000e+01	2.857143e-02	9.523810e-03	9.523810e-03
6.100000e+01	6.200000e+01	1.174603e-01	1.931036e-02	1.931036e-02
6.200000e+01	6.300000e+01	2.031746e-01	2.539682e-02	2.539682e-02
6.300000e+01	6.400000e+01	2.507937e-01	2.821649e-02	2.821649e-02
6.400000e+01	6.500000e+01	2.634921e-01	2.892201e-02	2.892201e-02
6.500000e+01	6.600000e+01	2.380952e-01	2.749287e-02	2.749287e-02
6.600000e+01	6.700000e+01	2.253968e-01	2.674968e-02	2.674968e-02
6.700000e+01	6.800000e+01	2.730159e-01	2.944006e-02	2.944006e-02
6.800000e+01	6.900000e+01	2.000000e-01	2.519763e-02	2.519763e-02
6.900000e+01	7.000000e+01	5.714286e-02	1.346870e-02	1.346870e-02
7.000000e+01	7.100000e+01	2.510460e-02	1.024891e-02	1.024891e-02
7.100000e+01	7.200000e+01	1.422594e-01	2.439729e-02	2.439729e-02
7.200000e+01	7.300000e+01	1.966527e-01	2.868475e-02	2.868475e-02
7.300000e+01	7.400000e+01	1.506276e-01	2.510460e-02	2.510460e-02
7.400000e+01	7.500000e+01	2.301255e-01	3.103012e-02	3.103012e-02
7.500000e+01	7.600000e+01	2.635983e-01	3.321027e-02	3.321027e-02
7.600000e+01	7.700000e+01	2.510460e-01	3.240991e-02	3.240991e-02
7.700000e+01	7.800000e+01	2.552301e-01	3.267886e-02	3.267886e-02
7.800000e+01	7.900000e+01	2.050209e-01	2.928870e-02	2.928870e-02
7.900000e+01	8.000000e+01	4.602510e-02	1.387709e-02	1.387709e-02
8.000000e+01	8.100000e+01	7.889546e-02	1.247447e-02	1.247447e-02
8.100000e+01	8.200000e+01	1.439842e-01	1.685208e-02	1.685208e-02
8.200000e+01	8.300000e+01	2.307692e-01	2.133462e-02	2.133462e-02
8.300000e+01	8.400000e+01	2.031558e-01	2.001754e-02	2.001754e-02
8.400000e+01	8.500000e+01	2.386588e-01	2.169625e-02	2.169625e-02
8.500000e+01	8.600000e+01	2.544379e-01	2.240200e-02	2.240200e-02
8.600000e+01	8.700000e+01	2.504931e-01	2.222767e-02	2.222767e-02
8.700000e+01	8.800000e+01	2.564103e-01	2.248867e-02	2.248867e-02
8.800000e+01	8.900000e+01	2.268245e-01	2.115149e-02	2.115149e-02
8.900000e+01	9.000000e+01	5.325444e-02	1.024882e-02	1.024882e-02
# END HISTO1D


# BEGIN HISTO1D //Users/jenniferroloff/Work/tuningStudies/SoftDropObservablesCalo_tune.yoda/SoftDropMass/d05-x01-y01
LineColor=blue
LineStyle=solid
Path=//Users/jenniferroloff/Work/tuningStudies/SoftDropObservablesCalo_tune.yoda/SoftDropMass/d05-x01-y01
Title=SD Calo Obs.
# xlow	 xhigh	 val	 errminus	 errplus
0.000000e+00	1.000000e+00	8.870491e-03	1.619523e-03	1.619523e-03
1.000000e+00	2.000000e+00	5.351863e-02	3.978008e-03	3.978008e-03
2.000000e+00	3.000000e+00	1.463631e-01	6.578532e-03	6.578532e-03
3.000000e+00	4.000000e+00	1.910112e-01	7.515237e-03	7.515237e-03
4.000000e+00	5.000000e+00	2.170313e-01	8.010773e-03	8.010773e-03
5.000000e+00	6.000000e+00	2.463040e-01	8.533926e-03	8.533926e-03
6.000000e+00	7.000000e+00	2.489651e-01	8.579904e-03	8.579904e-03
7.000000e+00	8.000000e+00	2.876996e-01	9.223225e-03	9.223225e-03
8.000000e+00	9.000000e+00	2.575399e-01	8.726407e-03	8.726407e-03
9.000000e+00	1.000000e+01	6.741573e-02	4.464716e-03	4.464716e-03
1.000000e+01	1.100000e+01	1.131734e-02	2.263468e-03	2.263468e-03
1.100000e+01	1.200000e+01	6.609325e-02	5.469917e-03	5.469917e-03
1.200000e+01	1.300000e+01	1.521050e-01	8.298009e-03	8.298009e-03
1.300000e+01	1.400000e+01	2.118606e-01	9.793258e-03	9.793258e-03
1.400000e+01	1.500000e+01	2.449072e-01	1.052938e-02	1.052938e-02
1.500000e+01	1.600000e+01	2.376641e-01	1.037251e-02	1.037251e-02
1.600000e+01	1.700000e+01	2.403803e-01	1.043162e-02	1.043162e-02
1.700000e+01	1.800000e+01	2.770484e-01	1.119902e-02	1.119902e-02
1.800000e+01	1.900000e+01	2.530557e-01	1.070312e-02	1.070312e-02
1.900000e+01	2.000000e+01	6.654595e-02	5.488617e-03	5.488617e-03
2.000000e+01	2.100000e+01	1.530967e-02	3.264033e-03	3.264033e-03
2.100000e+01	2.200000e+01	7.863605e-02	7.397457e-03	7.397457e-03
2.200000e+01	2.300000e+01	1.670146e-01	1.078075e-02	1.078075e-02
2.300000e+01	2.400000e+01	2.192067e-01	1.235090e-02	1.235090e-02
2.400000e+01	2.500000e+01	2.143354e-01	1.221289e-02	1.221289e-02
2.500000e+01	2.600000e+01	2.372999e-01	1.285051e-02	1.285051e-02
2.600000e+01	2.700000e+01	2.609603e-01	1.347593e-02	1.347593e-02
2.700000e+01	2.800000e+01	2.874043e-01	1.414224e-02	1.414224e-02
2.800000e+01	2.900000e+01	2.435630e-01	1.301899e-02	1.301899e-02
2.900000e+01	3.000000e+01	8.281141e-02	7.591310e-03	7.591310e-03
3.000000e+01	3.100000e+01	1.769912e-02	4.171721e-03	4.171721e-03
3.100000e+01	3.200000e+01	7.472960e-02	8.572073e-03	8.572073e-03
3.200000e+01	3.300000e+01	1.386431e-01	1.167585e-02	1.167585e-02
3.300000e+01	3.400000e+01	1.730580e-01	1.304474e-02	1.304474e-02
3.400000e+01	3.500000e+01	2.310718e-01	1.507346e-02	1.507346e-02
3.500000e+01	3.600000e+01	2.517207e-01	1.573255e-02	1.573255e-02
3.600000e+01	3.700000e+01	2.468043e-01	1.557815e-02	1.557815e-02
3.700000e+01	3.800000e+01	2.704031e-01	1.630592e-02	1.630592e-02
3.800000e+01	3.900000e+01	2.281219e-01	1.497694e-02	1.497694e-02
3.900000e+01	4.000000e+01	6.784661e-02	8.167772e-03	8.167772e-03
4.000000e+01	4.100000e+01	2.950311e-02	6.768477e-03	6.768477e-03
4.100000e+01	4.200000e+01	8.695652e-02	1.162006e-02	1.162006e-02
4.200000e+01	4.300000e+01	1.878882e-01	1.708075e-02	1.708075e-02
4.300000e+01	4.400000e+01	2.437888e-01	1.945647e-02	1.945647e-02
4.400000e+01	4.500000e+01	2.375776e-01	1.920701e-02	1.920701e-02
4.500000e+01	4.600000e+01	2.515528e-01	1.976385e-02	1.976385e-02
4.600000e+01	4.700000e+01	2.391304e-01	1.926968e-02	1.926968e-02
4.700000e+01	4.800000e+01	2.717391e-01	2.054155e-02	2.054155e-02
4.800000e+01	4.900000e+01	2.686335e-01	2.042383e-02	2.042383e-02
4.900000e+01	5.000000e+01	5.745342e-02	9.445283e-03	9.445283e-03
5.000000e+01	5.100000e+01	3.580563e-02	9.569456e-03	9.569456e-03
5.100000e+01	5.200000e+01	1.176471e-01	1.734611e-02	1.734611e-02
5.200000e+01	5.300000e+01	2.122762e-01	2.330034e-02	2.330034e-02
5.300000e+01	5.400000e+01	2.225064e-01	2.385519e-02	2.385519e-02
5.400000e+01	5.500000e+01	2.020460e-01	2.273196e-02	2.273196e-02
5.500000e+01	5.600000e+01	2.378517e-01	2.466407e-02	2.466407e-02
5.600000e+01	5.700000e+01	2.710997e-01	2.633153e-02	2.633153e-02
5.700000e+01	5.800000e+01	2.890026e-01	2.718707e-02	2.718707e-02
5.800000e+01	5.900000e+01	2.941176e-01	2.742661e-02	2.742661e-02
5.900000e+01	6.000000e+01	4.859335e-02	1.114808e-02	1.114808e-02
6.000000e+01	6.100000e+01	2.898551e-02	1.024793e-02	1.024793e-02
6.100000e+01	6.200000e+01	9.782609e-02	1.882664e-02	1.882664e-02
6.200000e+01	6.300000e+01	1.485507e-01	2.319973e-02	2.319973e-02
6.300000e+01	6.400000e+01	2.463768e-01	2.987758e-02	2.987758e-02
6.400000e+01	6.500000e+01	2.246377e-01	2.852901e-02	2.852901e-02
6.500000e+01	6.600000e+01	2.536232e-01	3.031377e-02	3.031377e-02
6.600000e+01	6.700000e+01	2.753623e-01	3.158622e-02	3.158622e-02
6.700000e+01	6.800000e+01	2.463768e-01	2.987758e-02	2.987758e-02
6.800000e+01	6.900000e+01	2.463768e-01	2.987758e-02	2.987758e-02
6.900000e+01	7.000000e+01	6.159420e-02	1.493879e-02	1.493879e-02
7.000000e+01	7.100000e+01	6.437768e-02	1.662225e-02	1.662225e-02
7.100000e+01	7.200000e+01	6.437768e-02	1.662225e-02	1.662225e-02
7.200000e+01	7.300000e+01	1.630901e-01	2.645671e-02	2.645671e-02
7.300000e+01	7.400000e+01	1.630901e-01	2.645671e-02	2.645671e-02
7.400000e+01	7.500000e+01	2.660944e-01	3.379402e-02	3.379402e-02
7.500000e+01	7.600000e+01	2.532189e-01	3.296629e-02	3.296629e-02
7.600000e+01	7.700000e+01	2.360515e-01	3.182918e-02	3.182918e-02
7.700000e+01	7.800000e+01	2.446352e-01	3.240272e-02	3.240272e-02
7.800000e+01	7.900000e+01	2.103004e-01	3.004292e-02	3.004292e-02
7.900000e+01	8.000000e+01	6.437768e-02	1.662225e-02	1.662225e-02
8.000000e+01	8.100000e+01	7.815631e-02	1.251503e-02	1.251503e-02
8.100000e+01	8.200000e+01	1.282565e-01	1.603206e-02	1.603206e-02
8.200000e+01	8.300000e+01	2.344689e-01	2.167666e-02	2.167666e-02
8.300000e+01	8.400000e+01	2.404810e-01	2.195281e-02	2.195281e-02
8.400000e+01	8.500000e+01	2.144289e-01	2.072962e-02	2.072962e-02
8.500000e+01	8.600000e+01	2.605210e-01	2.284921e-02	2.284921e-02
8.600000e+01	8.700000e+01	2.505010e-01	2.240549e-02	2.240549e-02
8.700000e+01	8.800000e+01	2.745491e-01	2.345631e-02	2.345631e-02
8.800000e+01	8.900000e+01	2.244489e-01	2.120843e-02	2.120843e-02
8.900000e+01	9.000000e+01	7.414830e-02	1.218991e-02	1.218991e-02
# END HISTO1D


# BEGIN HISTO1D //Users/jenniferroloff/Work/tuningStudies/JSSSoftDrop_tune.yoda/SoftDropMass/d05-x01-y01
LineColor=green
LineStyle=solid
Path=//Users/jenniferroloff/Work/tuningStudies/JSSSoftDrop_tune.yoda/SoftDropMass/d05-x01-y01
Title=JSS Obs.
# xlow	 xhigh	 val	 errminus	 errplus
0.000000e+00	1.000000e+00	1.252914e-02	1.910676e-03	1.910676e-03
1.000000e+00	2.000000e+00	5.361305e-02	3.952407e-03	3.952407e-03
2.000000e+00	3.000000e+00	1.579254e-01	6.783477e-03	6.783477e-03
3.000000e+00	4.000000e+00	2.036713e-01	7.703557e-03	7.703557e-03
4.000000e+00	5.000000e+00	2.281469e-01	8.153304e-03	8.153304e-03
5.000000e+00	6.000000e+00	2.508741e-01	8.549767e-03	8.549767e-03
6.000000e+00	7.000000e+00	2.523310e-01	8.574557e-03	8.574557e-03
7.000000e+00	8.000000e+00	2.686480e-01	8.847451e-03	8.847451e-03
8.000000e+00	9.000000e+00	2.345571e-01	8.267052e-03	8.267052e-03
9.000000e+00	1.000000e+01	6.351981e-02	4.302104e-03	4.302104e-03
1.000000e+01	1.100000e+01	1.612903e-02	2.766106e-03	2.766106e-03
1.100000e+01	1.200000e+01	7.305503e-02	5.886942e-03	5.886942e-03
1.200000e+01	1.300000e+01	1.451613e-01	8.298319e-03	8.298319e-03
1.300000e+01	1.400000e+01	2.106262e-01	9.995877e-03	9.995877e-03
1.400000e+01	1.500000e+01	2.371917e-01	1.060754e-02	1.060754e-02
1.500000e+01	1.600000e+01	2.329222e-01	1.051163e-02	1.051163e-02
1.600000e+01	1.700000e+01	2.376660e-01	1.061814e-02	1.061814e-02
1.700000e+01	1.800000e+01	2.922201e-01	1.177388e-02	1.177388e-02
1.800000e+01	1.900000e+01	2.296015e-01	1.043643e-02	1.043643e-02
1.900000e+01	2.000000e+01	5.882353e-02	5.282509e-03	5.282509e-03
2.000000e+01	2.100000e+01	1.539538e-02	3.282306e-03	3.282306e-03
2.100000e+01	2.200000e+01	7.767670e-02	7.372746e-03	7.372746e-03
2.200000e+01	2.300000e+01	1.588523e-01	1.054340e-02	1.054340e-02
2.300000e+01	2.400000e+01	2.260322e-01	1.257677e-02	1.257677e-02
2.400000e+01	2.500000e+01	2.358293e-01	1.284644e-02	1.284644e-02
2.500000e+01	2.600000e+01	2.631211e-01	1.356943e-02	1.356943e-02
2.600000e+01	2.700000e+01	2.463261e-01	1.312923e-02	1.312923e-02
2.700000e+01	2.800000e+01	2.547236e-01	1.335114e-02	1.335114e-02
2.800000e+01	2.900000e+01	2.043387e-01	1.195802e-02	1.195802e-02
2.900000e+01	3.000000e+01	6.158153e-02	6.564613e-03	6.564613e-03
3.000000e+01	3.100000e+01	1.450893e-02	4.024053e-03	4.024053e-03
3.100000e+01	3.200000e+01	8.705357e-02	9.856876e-03	9.856876e-03
3.200000e+01	3.300000e+01	1.841518e-01	1.433620e-02	1.433620e-02
3.300000e+01	3.400000e+01	2.209821e-01	1.570452e-02	1.570452e-02
3.400000e+01	3.500000e+01	2.299107e-01	1.601864e-02	1.601864e-02
3.500000e+01	3.600000e+01	2.232143e-01	1.578363e-02	1.578363e-02
3.600000e+01	3.700000e+01	2.667411e-01	1.725405e-02	1.725405e-02
3.700000e+01	3.800000e+01	2.801339e-01	1.768190e-02	1.768190e-02
3.800000e+01	3.900000e+01	2.555804e-01	1.688922e-02	1.688922e-02
3.900000e+01	4.000000e+01	5.691964e-02	7.970344e-03	7.970344e-03
4.000000e+01	4.100000e+01	2.768730e-02	6.715156e-03	6.715156e-03
4.100000e+01	4.200000e+01	1.140065e-01	1.362639e-02	1.362639e-02
4.200000e+01	4.300000e+01	1.889251e-01	1.754125e-02	1.754125e-02
4.300000e+01	4.400000e+01	2.361564e-01	1.961172e-02	1.961172e-02
4.400000e+01	4.500000e+01	2.280130e-01	1.927062e-02	1.927062e-02
4.500000e+01	4.600000e+01	2.426710e-01	1.988038e-02	1.988038e-02
4.600000e+01	4.700000e+01	2.654723e-01	2.079340e-02	2.079340e-02
4.700000e+01	4.800000e+01	2.638436e-01	2.072952e-02	2.072952e-02
4.800000e+01	4.900000e+01	2.117264e-01	1.856963e-02	1.856963e-02
4.900000e+01	5.000000e+01	6.188925e-02	1.003976e-02	1.003976e-02
5.000000e+01	5.100000e+01	3.076923e-02	8.882312e-03	8.882312e-03
5.100000e+01	5.200000e+01	1.205128e-01	1.757860e-02	1.757860e-02
5.200000e+01	5.300000e+01	1.897436e-01	2.205724e-02	2.205724e-02
5.300000e+01	5.400000e+01	1.666667e-01	2.067246e-02	2.067246e-02
5.400000e+01	5.500000e+01	2.564103e-01	2.564103e-02	2.564103e-02
5.500000e+01	5.600000e+01	2.384615e-01	2.472731e-02	2.472731e-02
5.600000e+01	5.700000e+01	2.410256e-01	2.485990e-02	2.485990e-02
5.700000e+01	5.800000e+01	2.641026e-01	2.602280e-02	2.602280e-02
5.800000e+01	5.900000e+01	2.179487e-01	2.363986e-02	2.363986e-02
5.900000e+01	6.000000e+01	5.641026e-02	1.202671e-02	1.202671e-02
6.000000e+01	6.100000e+01	3.470032e-02	1.046254e-02	1.046254e-02
6.100000e+01	6.200000e+01	1.167192e-01	1.918853e-02	1.918853e-02
6.200000e+01	6.300000e+01	1.703470e-01	2.318129e-02	2.318129e-02
6.300000e+01	6.400000e+01	2.018927e-01	2.523659e-02	2.523659e-02
6.400000e+01	6.500000e+01	2.365931e-01	2.731941e-02	2.731941e-02
6.500000e+01	6.600000e+01	2.271293e-01	2.676745e-02	2.676745e-02
6.600000e+01	6.700000e+01	2.744479e-01	2.942391e-02	2.942391e-02
6.700000e+01	6.800000e+01	2.618297e-01	2.873954e-02	2.873954e-02
6.800000e+01	6.900000e+01	1.955836e-01	2.483914e-02	2.483914e-02
6.900000e+01	7.000000e+01	3.785489e-02	1.092777e-02	1.092777e-02
7.000000e+01	7.100000e+01	5.945946e-02	1.792770e-02	1.792770e-02
7.100000e+01	7.200000e+01	1.459459e-01	2.808731e-02	2.808731e-02
7.200000e+01	7.300000e+01	2.540541e-01	3.705759e-02	3.705759e-02
7.300000e+01	7.400000e+01	2.162162e-01	3.418678e-02	3.418678e-02
7.400000e+01	7.500000e+01	2.648649e-01	3.783784e-02	3.783784e-02
7.500000e+01	7.600000e+01	1.945946e-01	3.243244e-02	3.243244e-02
7.600000e+01	7.700000e+01	2.378378e-01	3.585540e-02	3.585540e-02
7.700000e+01	7.800000e+01	3.027027e-01	4.045035e-02	4.045035e-02
7.800000e+01	7.900000e+01	2.000000e-01	3.287980e-02	3.287980e-02
7.900000e+01	8.000000e+01	5.405405e-02	1.709339e-02	1.709339e-02
8.000000e+01	8.100000e+01	5.780347e-02	1.055342e-02	1.055342e-02
8.100000e+01	8.200000e+01	1.618497e-01	1.765925e-02	1.765925e-02
8.200000e+01	8.300000e+01	2.100193e-01	2.011620e-02	2.011620e-02
8.300000e+01	8.400000e+01	2.447013e-01	2.171373e-02	2.171373e-02
8.400000e+01	8.500000e+01	2.658960e-01	2.263457e-02	2.263457e-02
8.500000e+01	8.600000e+01	2.504817e-01	2.196870e-02	2.196870e-02
8.600000e+01	8.700000e+01	2.620424e-01	2.246995e-02	2.246995e-02
8.700000e+01	8.800000e+01	2.215800e-01	2.066244e-02	2.066244e-02
8.800000e+01	8.900000e+01	2.177264e-01	2.048198e-02	2.048198e-02
8.900000e+01	9.000000e+01	4.624277e-02	9.439267e-03	9.439267e-03
# END HISTO1D


# BEGIN HISTO1D //Users/jenniferroloff/Work/tuningStudies/mytest_tune.yoda/SoftDropMass/d05-x01-y01
LineColor=orange
LineStyle=solid
Path=//Users/jenniferroloff/Work/tuningStudies/mytest_tune.yoda/SoftDropMass/d05-x01-y01
Title=My test
# xlow	 xhigh	 val	 errminus	 errplus
0.000000e+00	1.000000e+00	1.384083e-02	1.997752e-03	1.997752e-03
1.000000e+00	2.000000e+00	7.352941e-02	4.604590e-03	4.604590e-03
2.000000e+00	3.000000e+00	1.715686e-01	7.033628e-03	7.033628e-03
3.000000e+00	4.000000e+00	2.303922e-01	8.150688e-03	8.150688e-03
4.000000e+00	5.000000e+00	2.384660e-01	8.292275e-03	8.292275e-03
5.000000e+00	6.000000e+00	2.390427e-01	8.302295e-03	8.302295e-03
6.000000e+00	7.000000e+00	2.500000e-01	8.490445e-03	8.490445e-03
7.000000e+00	8.000000e+00	2.724913e-01	8.864144e-03	8.864144e-03
8.000000e+00	9.000000e+00	2.329873e-01	8.196465e-03	8.196465e-03
9.000000e+00	1.000000e+01	5.738178e-02	4.067686e-03	4.067686e-03
1.000000e+01	1.100000e+01	1.881597e-02	2.938561e-03	2.938561e-03
1.100000e+01	1.200000e+01	7.847637e-02	6.001237e-03	6.001237e-03
1.200000e+01	1.300000e+01	1.698027e-01	8.827620e-03	8.827620e-03
1.300000e+01	1.400000e+01	2.368059e-01	1.042480e-02	1.042480e-02
1.400000e+01	1.500000e+01	2.597522e-01	1.091820e-02	1.091820e-02
1.500000e+01	1.600000e+01	2.496558e-01	1.070391e-02	1.070391e-02
1.600000e+01	1.700000e+01	2.267095e-01	1.020014e-02	1.020014e-02
1.700000e+01	1.800000e+01	2.638825e-01	1.100466e-02	1.100466e-02
1.800000e+01	1.900000e+01	2.230381e-01	1.011721e-02	1.011721e-02
1.900000e+01	2.000000e+01	7.664066e-02	5.930632e-03	5.930632e-03
2.000000e+01	2.100000e+01	2.281089e-02	4.096957e-03	4.096957e-03
2.100000e+01	2.200000e+01	9.786608e-02	8.486065e-03	8.486065e-03
2.200000e+01	2.300000e+01	1.780721e-01	1.144691e-02	1.144691e-02
2.300000e+01	2.400000e+01	2.590140e-01	1.380549e-02	1.380549e-02
2.400000e+01	2.500000e+01	2.457689e-01	1.344788e-02	1.344788e-02
2.500000e+01	2.600000e+01	2.619573e-01	1.388371e-02	1.388371e-02
2.600000e+01	2.700000e+01	2.192789e-01	1.270248e-02	1.270248e-02
2.700000e+01	2.800000e+01	2.729948e-01	1.417319e-02	1.417319e-02
2.800000e+01	2.900000e+01	2.479765e-01	1.350814e-02	1.350814e-02
2.900000e+01	3.000000e+01	5.739514e-02	6.498721e-03	6.498721e-03
3.000000e+01	3.100000e+01	3.622393e-02	6.305777e-03	6.305777e-03
3.100000e+01	3.200000e+01	1.031833e-01	1.064255e-02	1.064255e-02
3.200000e+01	3.300000e+01	1.844127e-01	1.422775e-02	1.422775e-02
3.300000e+01	3.400000e+01	2.316136e-01	1.594494e-02	1.594494e-02
3.400000e+01	3.500000e+01	2.283205e-01	1.583118e-02	1.583118e-02
3.500000e+01	3.600000e+01	2.206367e-01	1.556251e-02	1.556251e-02
3.600000e+01	3.700000e+01	2.612514e-01	1.693441e-02	1.693441e-02
3.700000e+01	3.800000e+01	2.897914e-01	1.783543e-02	1.783543e-02
3.800000e+01	3.900000e+01	2.480790e-01	1.650197e-02	1.650197e-02
3.900000e+01	4.000000e+01	8.013172e-02	9.378709e-03	9.378709e-03
4.000000e+01	4.100000e+01	2.702703e-02	6.756757e-03	6.756757e-03
4.100000e+01	4.200000e+01	1.216216e-01	1.433324e-02	1.433324e-02
4.200000e+01	4.300000e+01	1.942568e-01	1.811454e-02	1.811454e-02
4.300000e+01	4.400000e+01	2.533784e-01	2.068826e-02	2.068826e-02
4.400000e+01	4.500000e+01	2.314189e-01	1.977145e-02	1.977145e-02
4.500000e+01	4.600000e+01	2.719595e-01	2.143341e-02	2.143341e-02
4.600000e+01	4.700000e+01	2.398649e-01	2.012901e-02	2.012901e-02
4.700000e+01	4.800000e+01	2.567568e-01	2.082572e-02	2.082572e-02
4.800000e+01	4.900000e+01	2.483108e-01	2.048033e-02	2.048033e-02
4.900000e+01	5.000000e+01	5.574324e-02	9.703653e-03	9.703653e-03
5.000000e+01	5.100000e+01	6.020942e-02	1.255453e-02	1.255453e-02
5.100000e+01	5.200000e+01	1.178010e-01	1.756074e-02	1.756074e-02
5.200000e+01	5.300000e+01	3.036649e-01	2.819458e-02	2.819458e-02
5.300000e+01	5.400000e+01	2.853403e-01	2.733065e-02	2.733065e-02
5.400000e+01	5.500000e+01	2.670157e-01	2.643849e-02	2.643849e-02
5.500000e+01	5.600000e+01	2.146597e-01	2.370520e-02	2.370520e-02
5.600000e+01	5.700000e+01	2.434555e-01	2.524516e-02	2.524516e-02
5.700000e+01	5.800000e+01	2.748691e-01	2.682448e-02	2.682448e-02
5.800000e+01	5.900000e+01	2.958115e-01	2.782761e-02	2.782761e-02
5.900000e+01	6.000000e+01	8.638743e-02	1.503812e-02	1.503812e-02
6.000000e+01	6.100000e+01	4.487179e-02	1.199249e-02	1.199249e-02
6.100000e+01	6.200000e+01	1.570513e-01	2.243590e-02	2.243590e-02
6.200000e+01	6.300000e+01	1.762821e-01	2.376987e-02	2.376987e-02
6.300000e+01	6.400000e+01	2.243590e-01	2.681603e-02	2.681603e-02
6.400000e+01	6.500000e+01	2.435897e-01	2.794166e-02	2.794166e-02
6.500000e+01	6.600000e+01	2.243590e-01	2.681603e-02	2.681603e-02
6.600000e+01	6.700000e+01	2.500000e-01	2.830693e-02	2.830693e-02
6.700000e+01	6.800000e+01	2.820513e-01	3.006677e-02	3.006677e-02
6.800000e+01	6.900000e+01	1.506410e-01	2.197325e-02	2.197325e-02
6.900000e+01	7.000000e+01	4.487179e-02	1.199249e-02	1.199249e-02
7.000000e+01	7.100000e+01	6.989247e-02	1.938468e-02	1.938468e-02
7.100000e+01	7.200000e+01	2.258065e-01	3.484269e-02	3.484269e-02
7.200000e+01	7.300000e+01	1.989247e-01	3.270303e-02	3.270303e-02
7.300000e+01	7.400000e+01	2.258065e-01	3.484269e-02	3.484269e-02
7.400000e+01	7.500000e+01	2.258065e-01	3.484269e-02	3.484269e-02
7.500000e+01	7.600000e+01	2.365591e-01	3.566263e-02	3.566263e-02
7.600000e+01	7.700000e+01	2.580645e-01	3.724841e-02	3.724841e-02
7.700000e+01	7.800000e+01	2.795699e-01	3.876937e-02	3.876937e-02
7.800000e+01	7.900000e+01	2.795699e-01	3.876937e-02	3.876937e-02
7.900000e+01	8.000000e+01	6.451613e-02	1.862420e-02	1.862420e-02
8.000000e+01	8.100000e+01	7.604563e-02	1.202387e-02	1.202387e-02
8.100000e+01	8.200000e+01	1.825095e-01	1.862730e-02	1.862730e-02
8.200000e+01	8.300000e+01	2.528517e-01	2.192502e-02	2.192502e-02
8.300000e+01	8.400000e+01	2.148289e-01	2.020940e-02	2.020940e-02
8.400000e+01	8.500000e+01	2.186312e-01	2.038746e-02	2.038746e-02
8.500000e+01	8.600000e+01	2.737643e-01	2.281369e-02	2.281369e-02
8.600000e+01	8.700000e+01	2.623574e-01	2.233335e-02	2.233335e-02
8.700000e+01	8.800000e+01	2.452471e-01	2.159281e-02	2.159281e-02
8.800000e+01	8.900000e+01	2.623574e-01	2.233335e-02	2.233335e-02
8.900000e+01	9.000000e+01	5.893536e-02	1.058510e-02	1.058510e-02
# END HISTO1D


# BEGIN HISTO1D //Users/jenniferroloff/Work/tuningStudies/Lund_Plane_tune.yoda/SoftDropMass/d05-x01-y01
LineColor=lilac
LineStyle=solid
Path=//Users/jenniferroloff/Work/tuningStudies/Lund_Plane_tune.yoda/SoftDropMass/d05-x01-y01
Title=Lund
# xlow	 xhigh	 val	 errminus	 errplus
0.000000e+00	1.000000e+00	1.174463e-02	1.085791e-03	1.085791e-03
1.000000e+00	2.000000e+00	6.012849e-02	2.456783e-03	2.456783e-03
2.000000e+00	3.000000e+00	1.450512e-01	3.815816e-03	3.815816e-03
3.000000e+00	4.000000e+00	2.051797e-01	4.538307e-03	4.538307e-03
4.000000e+00	5.000000e+00	2.388075e-01	4.896105e-03	4.896105e-03
5.000000e+00	6.000000e+00	2.412166e-01	4.920739e-03	4.920739e-03
6.000000e+00	7.000000e+00	2.523590e-01	5.033106e-03	5.033106e-03
7.000000e+00	8.000000e+00	2.676169e-01	5.183028e-03	5.183028e-03
8.000000e+00	9.000000e+00	2.293716e-01	4.798401e-03	4.798401e-03
9.000000e+00	1.000000e+01	6.183497e-02	2.491402e-03	2.491402e-03
1.000000e+01	1.100000e+01	1.138916e-02	1.351644e-03	1.351644e-03
1.100000e+01	1.200000e+01	7.042028e-02	3.360976e-03	3.360976e-03
1.200000e+01	1.300000e+01	1.658646e-01	5.158144e-03	5.158144e-03
1.300000e+01	1.400000e+01	2.186397e-01	5.922174e-03	5.922174e-03
1.400000e+01	1.500000e+01	2.309913e-01	6.087156e-03	6.087156e-03
1.500000e+01	1.600000e+01	2.502406e-01	6.335713e-03	6.335713e-03
1.600000e+01	1.700000e+01	2.561758e-01	6.410408e-03	6.410408e-03
1.700000e+01	1.800000e+01	2.625922e-01	6.490192e-03	6.490192e-03
1.800000e+01	1.900000e+01	2.366057e-01	6.160688e-03	6.160688e-03
1.900000e+01	2.000000e+01	5.871030e-02	3.068836e-03	3.068836e-03
2.000000e+01	2.100000e+01	2.122933e-02	2.289217e-03	2.289217e-03
2.100000e+01	2.200000e+01	9.602567e-02	4.868695e-03	4.868695e-03
2.200000e+01	2.300000e+01	1.760059e-01	6.591474e-03	6.591474e-03
2.300000e+01	2.400000e+01	2.120464e-01	7.234930e-03	7.234930e-03
2.400000e+01	2.500000e+01	2.268576e-01	7.483341e-03	7.483341e-03
2.500000e+01	2.600000e+01	2.441373e-01	7.763113e-03	7.763113e-03
2.600000e+01	2.700000e+01	2.690694e-01	8.149876e-03	8.149876e-03
2.700000e+01	2.800000e+01	2.599358e-01	8.010358e-03	8.010358e-03
2.800000e+01	2.900000e+01	2.248827e-01	7.450698e-03	7.450698e-03
2.900000e+01	3.000000e+01	6.245372e-02	3.926431e-03	3.926431e-03
3.000000e+01	3.100000e+01	2.739726e-02	3.228799e-03	3.228799e-03
3.100000e+01	3.200000e+01	9.817352e-02	6.112016e-03	6.112016e-03
3.200000e+01	3.300000e+01	1.716134e-01	8.080959e-03	8.080959e-03
3.300000e+01	3.400000e+01	2.092846e-01	8.923926e-03	8.923926e-03
3.400000e+01	3.500000e+01	2.286910e-01	9.328501e-03	9.328501e-03
3.500000e+01	3.600000e+01	2.522831e-01	9.797864e-03	9.797864e-03
3.600000e+01	3.700000e+01	2.431507e-01	9.618892e-03	9.618892e-03
3.700000e+01	3.800000e+01	2.758752e-01	1.024575e-02	1.024575e-02
3.800000e+01	3.900000e+01	2.340183e-01	9.436527e-03	9.436527e-03
3.900000e+01	4.000000e+01	6.088280e-02	4.813208e-03	4.813208e-03
4.000000e+01	4.100000e+01	2.183908e-02	3.542767e-03	3.542767e-03
4.100000e+01	4.200000e+01	1.097701e-01	7.942687e-03	7.942687e-03
4.200000e+01	4.300000e+01	1.902299e-01	1.045598e-02	1.045598e-02
4.300000e+01	4.400000e+01	2.189655e-01	1.121795e-02	1.121795e-02
4.400000e+01	4.500000e+01	2.413793e-01	1.177810e-02	1.177810e-02
4.500000e+01	4.600000e+01	2.425287e-01	1.180611e-02	1.180611e-02
4.600000e+01	4.700000e+01	2.609195e-01	1.224556e-02	1.224556e-02
4.700000e+01	4.800000e+01	2.551724e-01	1.210995e-02	1.210995e-02
4.800000e+01	4.900000e+01	2.241379e-01	1.134967e-02	1.134967e-02
4.900000e+01	5.000000e+01	6.551724e-02	6.136252e-03	6.136252e-03
5.000000e+01	5.100000e+01	3.849372e-02	5.675590e-03	5.675590e-03
5.100000e+01	5.200000e+01	1.238494e-01	1.018035e-02	1.018035e-02
5.200000e+01	5.300000e+01	1.958159e-01	1.280089e-02	1.280089e-02
5.300000e+01	5.400000e+01	2.410042e-01	1.420131e-02	1.420131e-02
5.400000e+01	5.500000e+01	2.334728e-01	1.397765e-02	1.397765e-02
5.500000e+01	5.600000e+01	2.493724e-01	1.444575e-02	1.444575e-02
5.600000e+01	5.700000e+01	2.577406e-01	1.468613e-02	1.468613e-02
5.700000e+01	5.800000e+01	2.594142e-01	1.473374e-02	1.473374e-02
5.800000e+01	5.900000e+01	2.150628e-01	1.341525e-02	1.341525e-02
5.900000e+01	6.000000e+01	5.271967e-02	6.642053e-03	6.642053e-03
6.000000e+01	6.100000e+01	4.054054e-02	7.057202e-03	7.057202e-03
6.100000e+01	6.200000e+01	1.302211e-01	1.264819e-02	1.264819e-02
6.200000e+01	6.300000e+01	2.100737e-01	1.606474e-02	1.606474e-02
6.300000e+01	6.400000e+01	2.248157e-01	1.661886e-02	1.661886e-02
6.400000e+01	6.500000e+01	2.420147e-01	1.724284e-02	1.724284e-02
6.500000e+01	6.600000e+01	2.518428e-01	1.758946e-02	1.758946e-02
6.600000e+01	6.700000e+01	2.579853e-01	1.780267e-02	1.780267e-02
6.700000e+01	6.800000e+01	2.481572e-01	1.746028e-02	1.746028e-02
6.800000e+01	6.900000e+01	2.149877e-01	1.625154e-02	1.625154e-02
6.900000e+01	7.000000e+01	5.282555e-02	8.055821e-03	8.055821e-03
7.000000e+01	7.100000e+01	4.418985e-02	8.504341e-03	8.504341e-03
7.100000e+01	7.200000e+01	1.276596e-01	1.445460e-02	1.445460e-02
7.200000e+01	7.300000e+01	1.833061e-01	1.732079e-02	1.732079e-02
7.300000e+01	7.400000e+01	2.356792e-01	1.963993e-02	1.963993e-02
7.400000e+01	7.500000e+01	2.094926e-01	1.851671e-02	1.851671e-02
7.500000e+01	7.600000e+01	2.749591e-01	2.121355e-02	2.121355e-02
7.600000e+01	7.700000e+01	2.553191e-01	2.044189e-02	2.044189e-02
7.700000e+01	7.800000e+01	2.602291e-01	2.063751e-02	2.063751e-02
7.800000e+01	7.900000e+01	2.094926e-01	1.851671e-02	1.851671e-02
7.900000e+01	8.000000e+01	4.746318e-02	8.813690e-03	8.813690e-03
8.000000e+01	8.100000e+01	6.313646e-02	6.546946e-03	6.546946e-03
8.100000e+01	8.200000e+01	1.425662e-01	9.838002e-03	9.838002e-03
8.200000e+01	8.300000e+01	2.342159e-01	1.260976e-02	1.260976e-02
8.300000e+01	8.400000e+01	2.287848e-01	1.246270e-02	1.246270e-02
8.400000e+01	8.500000e+01	2.559403e-01	1.318159e-02	1.318159e-02
8.500000e+01	8.600000e+01	2.301426e-01	1.249963e-02	1.249963e-02
8.600000e+01	8.700000e+01	2.457570e-01	1.291670e-02	1.291670e-02
8.700000e+01	8.800000e+01	2.681602e-01	1.349261e-02	1.349261e-02
8.800000e+01	8.900000e+01	2.186015e-01	1.218218e-02	1.218218e-02
8.900000e+01	9.000000e+01	5.702648e-02	6.222099e-03	6.222099e-03
# END HISTO1D

