# BEGIN PLOT
LegendOnly=/SoftDropMass/d06-x01-y01 //Users/jenniferroloff/Work/tuningStudies/SoftDropMassInclPt_tune.yoda/SoftDropMass/d06-x01-y01 //Users/jenniferroloff/Work/tuningStudies/SoftDropObservablesCalo_tune.yoda/SoftDropMass/d06-x01-y01 //Users/jenniferroloff/Work/tuningStudies/JSSSoftDrop_tune.yoda/SoftDropMass/d06-x01-y01 //Users/jenniferroloff/Work/tuningStudies/mytest_tune.yoda/SoftDropMass/d06-x01-y01 //Users/jenniferroloff/Work/tuningStudies/Lund_Plane_tune.yoda/SoftDropMass/d06-x01-y01
DrawOnly=/SoftDropMass/d06-x01-y01 //Users/jenniferroloff/Work/tuningStudies/SoftDropMassInclPt_tune.yoda/SoftDropMass/d06-x01-y01 //Users/jenniferroloff/Work/tuningStudies/SoftDropObservablesCalo_tune.yoda/SoftDropMass/d06-x01-y01 //Users/jenniferroloff/Work/tuningStudies/JSSSoftDrop_tune.yoda/SoftDropMass/d06-x01-y01 //Users/jenniferroloff/Work/tuningStudies/mytest_tune.yoda/SoftDropMass/d06-x01-y01 //Users/jenniferroloff/Work/tuningStudies/Lund_Plane_tune.yoda/SoftDropMass/d06-x01-y01
RatioPlotReference=/SoftDropMass/d06-x01-y01
RatioPlot=1
LogY=1
Legend=1
# END PLOT

# BEGIN HISTO1D /SoftDropMass/d06-x01-y01
ConnectBins=0
ErrorBars=1
IsRef=1
Path=/SoftDropMass/d06-x01-y01
PolyMarker=*
Title=Data
# xlow	 xhigh	 val	 errminus	 errplus
0.000000e+00	1.000000e+00	1.451020e-03	7.882910e-04	7.882910e-04
1.000000e+00	2.000000e+00	1.071270e-02	3.272191e-03	3.272191e-03
2.000000e+00	3.000000e+00	5.800300e-02	8.812056e-03	8.812056e-03
3.000000e+00	4.000000e+00	1.452040e-01	1.629867e-02	1.629867e-02
4.000000e+00	5.000000e+00	2.282400e-01	1.592383e-02	1.592383e-02
5.000000e+00	6.000000e+00	2.607350e-01	6.181668e-03	6.181668e-03
6.000000e+00	7.000000e+00	2.509770e-01	3.256076e-02	3.256076e-02
7.000000e+00	8.000000e+00	2.600480e-01	5.048659e-02	5.048659e-02
8.000000e+00	9.000000e+00	2.076820e-01	3.671640e-02	3.671640e-02
9.000000e+00	1.000000e+01	4.855830e-02	7.593570e-03	7.593570e-03
1.000000e+01	1.100000e+01	1.701470e-03	1.420534e-03	1.420534e-03
1.100000e+01	1.200000e+01	1.303100e-02	4.388875e-03	4.388875e-03
1.200000e+01	1.300000e+01	6.584180e-02	7.450886e-03	7.450886e-03
1.300000e+01	1.400000e+01	1.543540e-01	1.918052e-02	1.918052e-02
1.400000e+01	1.500000e+01	2.322490e-01	1.309749e-02	1.309749e-02
1.500000e+01	1.600000e+01	2.580480e-01	1.145924e-02	1.145924e-02
1.600000e+01	1.700000e+01	2.532390e-01	2.840945e-02	2.840945e-02
1.700000e+01	1.800000e+01	2.564630e-01	3.583305e-02	3.583305e-02
1.800000e+01	1.900000e+01	2.160430e-01	2.358462e-02	2.358462e-02
1.900000e+01	2.000000e+01	4.497230e-02	4.589910e-03	4.589910e-03
2.000000e+01	2.100000e+01	2.056070e-03	8.495899e-04	8.495899e-04
2.100000e+01	2.200000e+01	1.625990e-02	3.532864e-03	3.532864e-03
2.200000e+01	2.300000e+01	7.476760e-02	8.029084e-03	8.029084e-03
2.300000e+01	2.400000e+01	1.652030e-01	1.423096e-02	1.423096e-02
2.400000e+01	2.500000e+01	2.336510e-01	1.083591e-02	1.083591e-02
2.500000e+01	2.600000e+01	2.534420e-01	7.248500e-03	7.248500e-03
2.600000e+01	2.700000e+01	2.557160e-01	2.419191e-02	2.419191e-02
2.700000e+01	2.800000e+01	2.571910e-01	2.906411e-02	2.906411e-02
2.800000e+01	2.900000e+01	1.974650e-01	1.836495e-02	1.836495e-02
2.900000e+01	3.000000e+01	4.612460e-02	4.530762e-03	4.530762e-03
3.000000e+01	3.100000e+01	2.780840e-03	1.310385e-03	1.310385e-03
3.100000e+01	3.200000e+01	2.011460e-02	3.388850e-03	3.388850e-03
3.200000e+01	3.300000e+01	8.713480e-02	1.092323e-02	1.092323e-02
3.300000e+01	3.400000e+01	1.776640e-01	2.074160e-02	2.074160e-02
3.400000e+01	3.500000e+01	2.399340e-01	8.934288e-03	8.934288e-03
3.500000e+01	3.600000e+01	2.518430e-01	1.418693e-02	1.418693e-02
3.600000e+01	3.700000e+01	2.516430e-01	2.298751e-02	2.298751e-02
3.700000e+01	3.800000e+01	2.565800e-01	2.301286e-02	2.301286e-02
3.800000e+01	3.900000e+01	1.975050e-01	1.306735e-02	1.306735e-02
3.900000e+01	4.000000e+01	4.586020e-02	3.871779e-03	3.871779e-03
4.000000e+01	4.100000e+01	3.363920e-03	1.271215e-03	1.271215e-03
4.100000e+01	4.200000e+01	2.484960e-02	3.126590e-03	3.126590e-03
4.200000e+01	4.300000e+01	1.011310e-01	1.197961e-02	1.197961e-02
4.300000e+01	4.400000e+01	1.914850e-01	1.806736e-02	1.806736e-02
4.400000e+01	4.500000e+01	2.466870e-01	7.911684e-03	7.911684e-03
4.500000e+01	4.600000e+01	2.490170e-01	1.187303e-02	1.187303e-02
4.600000e+01	4.700000e+01	2.520100e-01	2.138633e-02	2.138633e-02
4.700000e+01	4.800000e+01	2.522850e-01	2.227329e-02	2.227329e-02
4.800000e+01	4.900000e+01	2.181970e-01	1.484489e-02	1.484489e-02
4.900000e+01	5.000000e+01	4.764540e-02	3.682651e-03	3.682651e-03
5.000000e+01	5.100000e+01	3.811130e-03	1.457701e-03	1.457701e-03
5.100000e+01	5.200000e+01	2.918450e-02	3.124059e-03	3.124059e-03
5.200000e+01	5.300000e+01	1.095020e-01	1.340178e-02	1.340178e-02
5.300000e+01	5.400000e+01	2.007790e-01	1.725864e-02	1.725864e-02
5.400000e+01	5.500000e+01	2.595980e-01	7.224288e-03	7.224288e-03
5.500000e+01	5.600000e+01	2.560670e-01	1.223389e-02	1.223389e-02
5.600000e+01	5.700000e+01	2.436480e-01	1.838010e-02	1.838010e-02
5.700000e+01	5.800000e+01	2.406870e-01	1.676567e-02	1.676567e-02
5.800000e+01	5.900000e+01	1.933920e-01	1.195982e-02	1.195982e-02
5.900000e+01	6.000000e+01	4.667260e-02	3.722685e-03	3.722685e-03
6.000000e+01	6.100000e+01	4.413400e-03	1.268990e-03	1.268990e-03
6.100000e+01	6.200000e+01	3.061960e-02	2.639325e-03	2.639325e-03
6.200000e+01	6.300000e+01	1.127680e-01	1.329487e-02	1.329487e-02
6.300000e+01	6.400000e+01	2.018120e-01	1.604639e-02	1.604639e-02
6.400000e+01	6.500000e+01	2.579360e-01	6.583117e-03	6.583117e-03
6.500000e+01	6.600000e+01	2.589620e-01	1.348991e-02	1.348991e-02
6.600000e+01	6.700000e+01	2.474050e-01	1.658657e-02	1.658657e-02
6.700000e+01	6.800000e+01	2.356970e-01	1.519333e-02	1.519333e-02
6.800000e+01	6.900000e+01	1.783890e-01	1.202554e-02	1.202554e-02
6.900000e+01	7.000000e+01	5.033090e-02	4.666089e-03	4.666089e-03
7.000000e+01	7.100000e+01	5.583320e-03	1.243267e-03	1.243267e-03
7.100000e+01	7.200000e+01	3.709650e-02	3.393921e-03	3.393921e-03
7.200000e+01	7.300000e+01	1.233910e-01	1.413413e-02	1.413413e-02
7.300000e+01	7.400000e+01	2.099080e-01	1.386994e-02	1.386994e-02
7.400000e+01	7.500000e+01	2.588650e-01	7.266487e-03	7.266487e-03
7.500000e+01	7.600000e+01	2.612550e-01	1.273858e-02	1.273858e-02
7.600000e+01	7.700000e+01	2.504530e-01	1.341395e-02	1.341395e-02
7.700000e+01	7.800000e+01	2.294280e-01	1.062977e-02	1.062977e-02
7.800000e+01	7.900000e+01	1.808650e-01	1.195040e-02	1.195040e-02
7.900000e+01	8.000000e+01	4.729000e-02	4.827826e-03	4.827826e-03
8.000000e+01	8.100000e+01	1.043100e-02	9.769873e-04	9.769873e-04
8.100000e+01	8.200000e+01	5.868170e-02	6.191277e-03	6.191277e-03
8.200000e+01	8.300000e+01	1.555600e-01	1.730443e-02	1.730443e-02
8.300000e+01	8.400000e+01	2.322070e-01	1.072048e-02	1.072048e-02
8.400000e+01	8.500000e+01	2.695850e-01	7.578822e-03	7.578822e-03
8.500000e+01	8.600000e+01	2.576150e-01	1.069442e-02	1.069442e-02
8.600000e+01	8.700000e+01	2.273400e-01	9.054248e-03	9.054248e-03
8.700000e+01	8.800000e+01	2.454610e-01	7.540339e-03	7.540339e-03
8.800000e+01	8.900000e+01	1.819030e-01	8.450925e-03	8.450925e-03
8.900000e+01	9.000000e+01	3.251530e-02	2.258698e-03	2.258698e-03
# END HISTO1D


# BEGIN HISTO1D //Users/jenniferroloff/Work/tuningStudies/SoftDropMassInclPt_tune.yoda/SoftDropMass/d06-x01-y01
LineColor=red
LineStyle=solid
Path=//Users/jenniferroloff/Work/tuningStudies/SoftDropMassInclPt_tune.yoda/SoftDropMass/d06-x01-y01
Title=SD Mass
# xlow	 xhigh	 val	 errminus	 errplus
0.000000e+00	1.000000e+00	1.958864e-03	6.925630e-04	6.925630e-04
1.000000e+00	2.000000e+00	1.077375e-02	1.624204e-03	1.624204e-03
2.000000e+00	3.000000e+00	5.166503e-02	3.556768e-03	3.556768e-03
3.000000e+00	4.000000e+00	1.263467e-01	5.562104e-03	5.562104e-03
4.000000e+00	5.000000e+00	2.223310e-01	7.378315e-03	7.378315e-03
5.000000e+00	6.000000e+00	2.536729e-01	7.881233e-03	7.881233e-03
6.000000e+00	7.000000e+00	2.566112e-01	7.926745e-03	7.926745e-03
7.000000e+00	8.000000e+00	2.673849e-01	8.091436e-03	8.091436e-03
8.000000e+00	9.000000e+00	2.137610e-01	7.234714e-03	7.234714e-03
9.000000e+00	1.000000e+01	5.362390e-02	3.623567e-03	3.623567e-03
1.000000e+01	1.100000e+01	2.369668e-03	9.674130e-04	9.674130e-04
1.100000e+01	1.200000e+01	9.873618e-03	1.974724e-03	1.974724e-03
1.200000e+01	1.300000e+01	6.437599e-02	5.042317e-03	5.042317e-03
1.300000e+01	1.400000e+01	1.457346e-01	7.586640e-03	7.586640e-03
1.400000e+01	1.500000e+01	2.191943e-01	9.304280e-03	9.304280e-03
1.500000e+01	1.600000e+01	2.500000e-01	9.936608e-03	9.936608e-03
1.600000e+01	1.700000e+01	2.559242e-01	1.005365e-02	1.005365e-02
1.700000e+01	1.800000e+01	2.748815e-01	1.041936e-02	1.041936e-02
1.800000e+01	1.900000e+01	2.199842e-01	9.321030e-03	9.321030e-03
1.900000e+01	2.000000e+01	5.529226e-02	4.673049e-03	4.673049e-03
2.000000e+01	2.100000e+01	1.226994e-03	8.676157e-04	8.676157e-04
2.100000e+01	2.200000e+01	1.901840e-02	3.415806e-03	3.415806e-03
2.200000e+01	2.300000e+01	8.036810e-02	7.021793e-03	7.021793e-03
2.300000e+01	2.400000e+01	1.656442e-01	1.008078e-02	1.008078e-02
2.400000e+01	2.500000e+01	2.214724e-01	1.165644e-02	1.165644e-02
2.500000e+01	2.600000e+01	2.466258e-01	1.230058e-02	1.230058e-02
2.600000e+01	2.700000e+01	2.668712e-01	1.279549e-02	1.279549e-02
2.700000e+01	2.800000e+01	2.650307e-01	1.275129e-02	1.275129e-02
2.800000e+01	2.900000e+01	1.969325e-01	1.099170e-02	1.099170e-02
2.900000e+01	3.000000e+01	5.337423e-02	5.722319e-03	5.722319e-03
3.000000e+01	3.100000e+01	1.762115e-03	1.246003e-03	1.246003e-03
3.100000e+01	3.200000e+01	2.643172e-02	4.825750e-03	4.825750e-03
3.200000e+01	3.300000e+01	7.488987e-02	8.122947e-03	8.122947e-03
3.300000e+01	3.400000e+01	1.453744e-01	1.131738e-02	1.131738e-02
3.400000e+01	3.500000e+01	2.237885e-01	1.404174e-02	1.404174e-02
3.500000e+01	3.600000e+01	2.528634e-01	1.492606e-02	1.492606e-02
3.600000e+01	3.700000e+01	2.422907e-01	1.461068e-02	1.461068e-02
3.700000e+01	3.800000e+01	2.810573e-01	1.573618e-02	1.573618e-02
3.800000e+01	3.900000e+01	1.682819e-01	1.217645e-02	1.217645e-02
3.900000e+01	4.000000e+01	6.167401e-02	7.371454e-03	7.371454e-03
4.000000e+01	4.100000e+01	1.358696e-03	1.358696e-03	1.358696e-03
4.100000e+01	4.200000e+01	1.766304e-02	4.898847e-03	4.898847e-03
4.200000e+01	4.300000e+01	1.019022e-01	1.176665e-02	1.176665e-02
4.300000e+01	4.400000e+01	1.807065e-01	1.566924e-02	1.566924e-02
4.400000e+01	4.500000e+01	2.296196e-01	1.766304e-02	1.766304e-02
4.500000e+01	4.600000e+01	2.336957e-01	1.781913e-02	1.781913e-02
4.600000e+01	4.700000e+01	2.771739e-01	1.940606e-02	1.940606e-02
4.700000e+01	4.800000e+01	2.595109e-01	1.877755e-02	1.877755e-02
4.800000e+01	4.900000e+01	1.630435e-01	1.488377e-02	1.488377e-02
4.900000e+01	5.000000e+01	4.483696e-02	7.805112e-03	7.805112e-03
5.000000e+01	5.100000e+01	0.000000e+00	0.000000e+00	0.000000e+00
5.100000e+01	5.200000e+01	2.908277e-02	8.066110e-03	8.066110e-03
5.200000e+01	5.300000e+01	1.006711e-01	1.500717e-02	1.500717e-02
5.300000e+01	5.400000e+01	1.946309e-01	2.086662e-02	2.086662e-02
5.400000e+01	5.500000e+01	2.438479e-01	2.335639e-02	2.335639e-02
5.500000e+01	5.600000e+01	2.953020e-01	2.570274e-02	2.570274e-02
5.600000e+01	5.700000e+01	2.259508e-01	2.248294e-02	2.248294e-02
5.700000e+01	5.800000e+01	2.348993e-01	2.292383e-02	2.292383e-02
5.800000e+01	5.900000e+01	2.483221e-01	2.356969e-02	2.356969e-02
5.900000e+01	6.000000e+01	6.040268e-02	1.162450e-02	1.162450e-02
6.000000e+01	6.100000e+01	2.659574e-03	2.659574e-03	2.659574e-03
6.100000e+01	6.200000e+01	1.329787e-02	5.946989e-03	5.946989e-03
6.200000e+01	6.300000e+01	1.090426e-01	1.702959e-02	1.702959e-02
6.300000e+01	6.400000e+01	2.207447e-01	2.422988e-02	2.422988e-02
6.400000e+01	6.500000e+01	2.526596e-01	2.592233e-02	2.592233e-02
6.500000e+01	6.600000e+01	2.287234e-01	2.466388e-02	2.466388e-02
6.600000e+01	6.700000e+01	2.606383e-01	2.632844e-02	2.632844e-02
6.700000e+01	6.800000e+01	2.579787e-01	2.619377e-02	2.619377e-02
6.800000e+01	6.900000e+01	1.728723e-01	2.144218e-02	2.144218e-02
6.900000e+01	7.000000e+01	4.787234e-02	1.128362e-02	1.128362e-02
7.000000e+01	7.100000e+01	3.571429e-03	3.571428e-03	3.571428e-03
7.100000e+01	7.200000e+01	3.571429e-02	1.129385e-02	1.129385e-02
7.200000e+01	7.300000e+01	1.178571e-01	2.051630e-02	2.051630e-02
7.300000e+01	7.400000e+01	1.357143e-01	2.201576e-02	2.201576e-02
7.400000e+01	7.500000e+01	2.285714e-01	2.857143e-02	2.857143e-02
7.500000e+01	7.600000e+01	2.571429e-01	3.030458e-02	3.030458e-02
7.600000e+01	7.700000e+01	2.428571e-01	2.945075e-02	2.945075e-02
7.700000e+01	7.800000e+01	2.714286e-01	3.113499e-02	3.113499e-02
7.800000e+01	7.900000e+01	1.821429e-01	2.550510e-02	2.550510e-02
7.900000e+01	8.000000e+01	3.928571e-02	1.184509e-02	1.184509e-02
8.000000e+01	8.100000e+01	8.237232e-03	3.683802e-03	3.683802e-03
8.100000e+01	8.200000e+01	4.283361e-02	8.400362e-03	8.400362e-03
8.200000e+01	8.300000e+01	1.301483e-01	1.464282e-02	1.464282e-02
8.300000e+01	8.400000e+01	2.075783e-01	1.849254e-02	1.849254e-02
8.400000e+01	8.500000e+01	2.388797e-01	1.983788e-02	1.983788e-02
8.500000e+01	8.600000e+01	2.339374e-01	1.963159e-02	1.963159e-02
8.600000e+01	8.700000e+01	2.668863e-01	2.096857e-02	2.096857e-02
8.700000e+01	8.800000e+01	2.602965e-01	2.070808e-02	2.070808e-02
8.800000e+01	8.900000e+01	1.976936e-01	1.804687e-02	1.804687e-02
8.900000e+01	9.000000e+01	4.448105e-02	8.560383e-03	8.560383e-03
# END HISTO1D


# BEGIN HISTO1D //Users/jenniferroloff/Work/tuningStudies/SoftDropObservablesCalo_tune.yoda/SoftDropMass/d06-x01-y01
LineColor=blue
LineStyle=solid
Path=//Users/jenniferroloff/Work/tuningStudies/SoftDropObservablesCalo_tune.yoda/SoftDropMass/d06-x01-y01
Title=SD Calo Obs.
# xlow	 xhigh	 val	 errminus	 errplus
0.000000e+00	1.000000e+00	0.000000e+00	0.000000e+00	0.000000e+00
1.000000e+00	2.000000e+00	1.039554e-02	1.623510e-03	1.623510e-03
2.000000e+00	3.000000e+00	5.096349e-02	3.594688e-03	3.594688e-03
3.000000e+00	4.000000e+00	1.244929e-01	5.618286e-03	5.618286e-03
4.000000e+00	5.000000e+00	1.929513e-01	6.994480e-03	6.994480e-03
5.000000e+00	6.000000e+00	2.500000e-01	7.961622e-03	7.961622e-03
6.000000e+00	7.000000e+00	2.614097e-01	8.141275e-03	8.141275e-03
7.000000e+00	8.000000e+00	2.956389e-01	8.657896e-03	8.657896e-03
8.000000e+00	9.000000e+00	2.352941e-01	7.723908e-03	7.723908e-03
9.000000e+00	1.000000e+01	5.831643e-02	3.845271e-03	3.845271e-03
1.000000e+01	1.100000e+01	1.147228e-03	6.623521e-04	6.623521e-04
1.100000e+01	1.200000e+01	8.413002e-03	1.793658e-03	1.793658e-03
1.200000e+01	1.300000e+01	5.774379e-02	4.699122e-03	4.699122e-03
1.300000e+01	1.400000e+01	1.403442e-01	7.325906e-03	7.325906e-03
1.400000e+01	1.500000e+01	2.107075e-01	8.976440e-03	8.976440e-03
1.500000e+01	1.600000e+01	2.500956e-01	9.779512e-03	9.779512e-03
1.600000e+01	1.700000e+01	2.585086e-01	9.942638e-03	9.942638e-03
1.700000e+01	1.800000e+01	2.806883e-01	1.036040e-02	1.036040e-02
1.800000e+01	1.900000e+01	2.248566e-01	9.272930e-03	9.272930e-03
1.900000e+01	2.000000e+01	5.659656e-02	4.652208e-03	4.652208e-03
2.000000e+01	2.100000e+01	1.184834e-03	8.378042e-04	8.378042e-04
2.100000e+01	2.200000e+01	1.777251e-02	3.244802e-03	3.244802e-03
2.200000e+01	2.300000e+01	6.872038e-02	6.380527e-03	6.380527e-03
2.300000e+01	2.400000e+01	1.635071e-01	9.841971e-03	9.841971e-03
2.400000e+01	2.500000e+01	2.031991e-01	1.097172e-02	1.097172e-02
2.500000e+01	2.600000e+01	2.340047e-01	1.177406e-02	1.177406e-02
2.600000e+01	2.700000e+01	2.671801e-01	1.258102e-02	1.258102e-02
2.700000e+01	2.800000e+01	2.956161e-01	1.323359e-02	1.323359e-02
2.800000e+01	2.900000e+01	2.180095e-01	1.136453e-02	1.136453e-02
2.900000e+01	3.000000e+01	7.049763e-02	6.462507e-03	6.462507e-03
3.000000e+01	3.100000e+01	0.000000e+00	0.000000e+00	0.000000e+00
3.100000e+01	3.200000e+01	1.635112e-02	3.751204e-03	3.751204e-03
3.200000e+01	3.300000e+01	6.798623e-02	7.649048e-03	7.649048e-03
3.300000e+01	3.400000e+01	1.325301e-01	1.067958e-02	1.067958e-02
3.400000e+01	3.500000e+01	2.039587e-01	1.324854e-02	1.324854e-02
3.500000e+01	3.600000e+01	2.564544e-01	1.485601e-02	1.485601e-02
3.600000e+01	3.700000e+01	2.564544e-01	1.485601e-02	1.485601e-02
3.700000e+01	3.800000e+01	2.831325e-01	1.560960e-02	1.560960e-02
3.800000e+01	3.900000e+01	2.134251e-01	1.355251e-02	1.355251e-02
3.900000e+01	4.000000e+01	5.938038e-02	7.148557e-03	7.148557e-03
4.000000e+01	4.100000e+01	1.293661e-03	1.293661e-03	1.293661e-03
4.100000e+01	4.200000e+01	2.328590e-02	5.488539e-03	5.488539e-03
4.200000e+01	4.300000e+01	8.150065e-02	1.026812e-02	1.026812e-02
4.300000e+01	4.400000e+01	1.785252e-01	1.519708e-02	1.519708e-02
4.400000e+01	4.500000e+01	2.393273e-01	1.759569e-02	1.759569e-02
4.500000e+01	4.600000e+01	2.419146e-01	1.769055e-02	1.769055e-02
4.600000e+01	4.700000e+01	2.509702e-01	1.801861e-02	1.801861e-02
4.700000e+01	4.800000e+01	2.677878e-01	1.861254e-02	1.861254e-02
4.800000e+01	4.900000e+01	2.302717e-01	1.725959e-02	1.725959e-02
4.900000e+01	5.000000e+01	4.786546e-02	7.869033e-03	7.869033e-03
5.000000e+01	5.100000e+01	4.219409e-03	2.983573e-03	2.983573e-03
5.100000e+01	5.200000e+01	1.898734e-02	6.329114e-03	6.329114e-03
5.200000e+01	5.300000e+01	9.282700e-02	1.399420e-02	1.399420e-02
5.300000e+01	5.400000e+01	1.793249e-01	1.945052e-02	1.945052e-02
5.400000e+01	5.500000e+01	2.067511e-01	2.088501e-02	2.088501e-02
5.500000e+01	5.600000e+01	2.552743e-01	2.320675e-02	2.320675e-02
5.600000e+01	5.700000e+01	2.531646e-01	2.311066e-02	2.311066e-02
5.700000e+01	5.800000e+01	2.848101e-01	2.451255e-02	2.451255e-02
5.800000e+01	5.900000e+01	2.573840e-01	2.330245e-02	2.330245e-02
5.900000e+01	6.000000e+01	4.008439e-02	9.195989e-03	9.195989e-03
6.000000e+01	6.100000e+01	3.095975e-03	3.095975e-03	3.095975e-03
6.100000e+01	6.200000e+01	2.476780e-02	8.756740e-03	8.756740e-03
6.200000e+01	6.300000e+01	8.049536e-02	1.578644e-02	1.578644e-02
6.300000e+01	6.400000e+01	1.857585e-01	2.398132e-02	2.398132e-02
6.400000e+01	6.500000e+01	2.569659e-01	2.820568e-02	2.820568e-02
6.500000e+01	6.600000e+01	2.198142e-01	2.608715e-02	2.608715e-02
6.600000e+01	6.700000e+01	2.693498e-01	2.887733e-02	2.887733e-02
6.700000e+01	6.800000e+01	2.538700e-01	2.803525e-02	2.803525e-02
6.800000e+01	6.900000e+01	2.260062e-01	2.645202e-02	2.645202e-02
6.900000e+01	7.000000e+01	5.263158e-02	1.276503e-02	1.276503e-02
7.000000e+01	7.100000e+01	0.000000e+00	0.000000e+00	0.000000e+00
7.100000e+01	7.200000e+01	3.358209e-02	1.119403e-02	1.119403e-02
7.200000e+01	7.300000e+01	8.955224e-02	1.827977e-02	1.827977e-02
7.300000e+01	7.400000e+01	1.305970e-01	2.207492e-02	2.207492e-02
7.400000e+01	7.500000e+01	2.313433e-01	2.938063e-02	2.938063e-02
7.500000e+01	7.600000e+01	2.686567e-01	3.166149e-02	3.166149e-02
7.600000e+01	7.700000e+01	2.388060e-01	2.985075e-02	2.985075e-02
7.700000e+01	7.800000e+01	2.611940e-01	3.121866e-02	3.121866e-02
7.800000e+01	7.900000e+01	1.977612e-01	2.716459e-02	2.716459e-02
7.900000e+01	8.000000e+01	5.597015e-02	1.445143e-02	1.445143e-02
8.000000e+01	8.100000e+01	1.200686e-02	4.538167e-03	4.538167e-03
8.100000e+01	8.200000e+01	4.459691e-02	8.746174e-03	8.746174e-03
8.200000e+01	8.300000e+01	1.457976e-01	1.581397e-02	1.581397e-02
8.300000e+01	8.400000e+01	2.452830e-01	2.051160e-02	2.051160e-02
8.400000e+01	8.500000e+01	2.075472e-01	1.886793e-02	1.886793e-02
8.500000e+01	8.600000e+01	2.727273e-01	2.162868e-02	2.162868e-02
8.600000e+01	8.700000e+01	2.658662e-01	2.135489e-02	2.135489e-02
8.700000e+01	8.800000e+01	2.538593e-01	2.086711e-02	2.086711e-02
8.800000e+01	8.900000e+01	1.938250e-01	1.823353e-02	1.823353e-02
8.900000e+01	9.000000e+01	6.518010e-02	1.057361e-02	1.057361e-02
# END HISTO1D


# BEGIN HISTO1D //Users/jenniferroloff/Work/tuningStudies/JSSSoftDrop_tune.yoda/SoftDropMass/d06-x01-y01
LineColor=green
LineStyle=solid
Path=//Users/jenniferroloff/Work/tuningStudies/JSSSoftDrop_tune.yoda/SoftDropMass/d06-x01-y01
Title=JSS Obs.
# xlow	 xhigh	 val	 errminus	 errplus
0.000000e+00	1.000000e+00	7.360157e-04	4.249388e-04	4.249388e-04
1.000000e+00	2.000000e+00	8.096173e-03	1.409363e-03	1.409363e-03
2.000000e+00	3.000000e+00	5.152110e-02	3.555293e-03	3.555293e-03
3.000000e+00	4.000000e+00	1.319921e-01	5.690585e-03	5.690585e-03
4.000000e+00	5.000000e+00	2.080471e-01	7.144367e-03	7.144367e-03
5.000000e+00	6.000000e+00	2.536801e-01	7.889075e-03	7.889075e-03
6.000000e+00	7.000000e+00	2.696271e-01	8.133260e-03	8.133260e-03
7.000000e+00	8.000000e+00	2.686457e-01	8.118446e-03	8.118446e-03
8.000000e+00	9.000000e+00	2.080471e-01	7.144367e-03	7.144367e-03
9.000000e+00	1.000000e+01	5.421982e-02	3.647219e-03	3.647219e-03
1.000000e+01	1.100000e+01	4.009623e-04	4.009623e-04	4.009623e-04
1.100000e+01	1.200000e+01	1.122694e-02	2.121693e-03	2.121693e-03
1.200000e+01	1.300000e+01	6.335204e-02	5.040018e-03	5.040018e-03
1.300000e+01	1.400000e+01	1.391339e-01	7.469100e-03	7.469100e-03
1.400000e+01	1.500000e+01	2.197273e-01	9.386287e-03	9.386287e-03
1.500000e+01	1.600000e+01	2.385726e-01	9.780522e-03	9.780522e-03
1.600000e+01	1.700000e+01	2.461909e-01	9.935455e-03	9.935455e-03
1.700000e+01	1.800000e+01	2.955092e-01	1.088522e-02	1.088522e-02
1.800000e+01	1.900000e+01	2.032879e-01	9.028332e-03	9.028332e-03
1.900000e+01	2.000000e+01	5.012029e-02	4.482895e-03	4.482895e-03
2.000000e+01	2.100000e+01	5.844535e-04	5.844535e-04	5.844535e-04
2.100000e+01	2.200000e+01	1.636470e-02	3.092637e-03	3.092637e-03
2.200000e+01	2.300000e+01	5.961426e-02	5.902692e-03	5.902692e-03
2.300000e+01	2.400000e+01	1.490357e-01	9.332974e-03	9.332974e-03
2.400000e+01	2.500000e+01	2.139100e-01	1.118126e-02	1.118126e-02
2.500000e+01	2.600000e+01	2.746932e-01	1.267065e-02	1.267065e-02
2.600000e+01	2.700000e+01	2.571596e-01	1.225960e-02	1.225960e-02
2.700000e+01	2.800000e+01	2.542373e-01	1.218975e-02	1.218975e-02
2.800000e+01	2.900000e+01	1.811806e-01	1.029036e-02	1.029036e-02
2.900000e+01	3.000000e+01	5.143191e-02	5.482660e-03	5.482660e-03
3.000000e+01	3.100000e+01	2.824859e-03	1.630933e-03	1.630933e-03
3.100000e+01	3.200000e+01	1.129944e-02	3.261866e-03	3.261866e-03
3.200000e+01	3.300000e+01	8.474576e-02	8.932988e-03	8.932988e-03
3.300000e+01	3.400000e+01	1.638418e-01	1.242082e-02	1.242082e-02
3.400000e+01	3.500000e+01	2.382298e-01	1.497738e-02	1.497738e-02
3.500000e+01	3.600000e+01	2.137476e-01	1.418693e-02	1.418693e-02
3.600000e+01	3.700000e+01	2.664783e-01	1.584049e-02	1.584049e-02
3.700000e+01	3.800000e+01	2.815443e-01	1.628213e-02	1.628213e-02
3.800000e+01	3.900000e+01	2.297552e-01	1.470857e-02	1.470857e-02
3.900000e+01	4.000000e+01	4.802260e-02	6.724509e-03	6.724509e-03
4.000000e+01	4.100000e+01	1.353180e-03	1.353180e-03	1.353180e-03
4.100000e+01	4.200000e+01	2.300406e-02	5.579304e-03	5.579304e-03
4.200000e+01	4.300000e+01	8.930988e-02	1.099328e-02	1.099328e-02
4.300000e+01	4.400000e+01	1.840325e-01	1.578066e-02	1.578066e-02
4.400000e+01	4.500000e+01	2.300406e-01	1.764331e-02	1.764331e-02
4.500000e+01	4.600000e+01	2.516915e-01	1.845492e-02	1.845492e-02
4.600000e+01	4.700000e+01	2.584574e-01	1.870132e-02	1.870132e-02
4.700000e+01	4.800000e+01	2.598106e-01	1.875021e-02	1.875021e-02
4.800000e+01	4.900000e+01	1.826793e-01	1.572253e-02	1.572253e-02
4.900000e+01	5.000000e+01	5.142084e-02	8.341562e-03	8.341562e-03
5.000000e+01	5.100000e+01	0.000000e+00	0.000000e+00	0.000000e+00
5.100000e+01	5.200000e+01	2.150538e-02	6.800597e-03	6.800597e-03
5.200000e+01	5.300000e+01	8.817204e-02	1.377016e-02	1.377016e-02
5.300000e+01	5.400000e+01	1.505376e-01	1.799269e-02	1.799269e-02
5.400000e+01	5.500000e+01	2.387097e-01	2.265732e-02	2.265732e-02
5.500000e+01	5.600000e+01	2.408602e-01	2.275915e-02	2.275915e-02
5.600000e+01	5.700000e+01	2.688172e-01	2.404374e-02	2.404374e-02
5.700000e+01	5.800000e+01	2.516129e-01	2.326162e-02	2.326162e-02
5.800000e+01	5.900000e+01	1.913978e-01	2.028813e-02	2.028813e-02
5.900000e+01	6.000000e+01	4.946237e-02	1.031362e-02	1.031362e-02
6.000000e+01	6.100000e+01	0.000000e+00	0.000000e+00	0.000000e+00
6.100000e+01	6.200000e+01	2.964960e-02	8.939690e-03	8.939690e-03
6.200000e+01	6.300000e+01	9.703504e-02	1.617251e-02	1.617251e-02
6.300000e+01	6.400000e+01	1.698113e-01	2.139422e-02	2.139422e-02
6.400000e+01	6.500000e+01	2.318059e-01	2.499628e-02	2.499628e-02
6.500000e+01	6.600000e+01	2.398922e-01	2.542852e-02	2.542852e-02
6.600000e+01	6.700000e+01	2.695418e-01	2.695418e-02	2.695418e-02
6.700000e+01	6.800000e+01	2.587601e-01	2.640959e-02	2.640959e-02
6.800000e+01	6.900000e+01	1.778976e-01	2.189768e-02	2.189768e-02
6.900000e+01	7.000000e+01	3.234501e-02	9.337201e-03	9.337201e-03
7.000000e+01	7.100000e+01	4.524887e-03	4.524887e-03	4.524887e-03
7.100000e+01	7.200000e+01	4.977376e-02	1.500735e-02	1.500735e-02
7.200000e+01	7.300000e+01	1.628959e-01	2.714932e-02	2.714932e-02
7.300000e+01	7.400000e+01	1.764706e-01	2.825791e-02	2.825791e-02
7.400000e+01	7.500000e+01	2.760181e-01	3.534050e-02	3.534050e-02
7.500000e+01	7.600000e+01	2.262443e-01	3.199578e-02	3.199578e-02
7.600000e+01	7.700000e+01	2.352941e-01	3.262942e-02	3.262942e-02
7.700000e+01	7.800000e+01	2.624434e-01	3.446051e-02	3.446051e-02
7.800000e+01	7.900000e+01	1.809955e-01	2.861790e-02	2.861790e-02
7.900000e+01	8.000000e+01	4.524887e-02	1.430895e-02	1.430895e-02
8.000000e+01	8.100000e+01	4.870130e-03	2.811771e-03	2.811771e-03
8.100000e+01	8.200000e+01	4.545455e-02	8.590102e-03	8.590102e-03
8.200000e+01	8.300000e+01	1.396104e-01	1.505457e-02	1.505457e-02
8.300000e+01	8.400000e+01	2.240260e-01	1.907036e-02	1.907036e-02
8.400000e+01	8.500000e+01	2.646104e-01	2.072588e-02	2.072588e-02
8.500000e+01	8.600000e+01	2.581169e-01	2.047000e-02	2.047000e-02
8.600000e+01	8.700000e+01	2.483766e-01	2.008006e-02	2.008006e-02
8.700000e+01	8.800000e+01	2.288961e-01	1.927653e-02	1.927653e-02
8.800000e+01	8.900000e+01	1.931818e-01	1.770895e-02	1.770895e-02
8.900000e+01	9.000000e+01	3.896104e-02	7.952889e-03	7.952889e-03
# END HISTO1D


# BEGIN HISTO1D //Users/jenniferroloff/Work/tuningStudies/mytest_tune.yoda/SoftDropMass/d06-x01-y01
LineColor=orange
LineStyle=solid
Path=//Users/jenniferroloff/Work/tuningStudies/mytest_tune.yoda/SoftDropMass/d06-x01-y01
Title=My test
# xlow	 xhigh	 val	 errminus	 errplus
0.000000e+00	1.000000e+00	1.198179e-03	5.358419e-04	5.358419e-04
1.000000e+00	2.000000e+00	1.413851e-02	1.840677e-03	1.840677e-03
2.000000e+00	3.000000e+00	6.038821e-02	3.804099e-03	3.804099e-03
3.000000e+00	4.000000e+00	1.555236e-01	6.104836e-03	6.104836e-03
4.000000e+00	5.000000e+00	2.247783e-01	7.339273e-03	7.339273e-03
5.000000e+00	6.000000e+00	2.494608e-01	7.731735e-03	7.731735e-03
6.000000e+00	7.000000e+00	2.461059e-01	7.679569e-03	7.679569e-03
7.000000e+00	8.000000e+00	2.796549e-01	8.186289e-03	8.186289e-03
8.000000e+00	9.000000e+00	2.010544e-01	6.941168e-03	6.941168e-03
9.000000e+00	1.000000e+01	4.816679e-02	3.397423e-03	3.397423e-03
1.000000e+01	1.100000e+01	7.760962e-04	5.487829e-04	5.487829e-04
1.100000e+01	1.200000e+01	1.435778e-02	2.360405e-03	2.360405e-03
1.200000e+01	1.300000e+01	7.062476e-02	5.235055e-03	5.235055e-03
1.300000e+01	1.400000e+01	1.753977e-01	8.250016e-03	8.250016e-03
1.400000e+01	1.500000e+01	2.363213e-01	9.576223e-03	9.576223e-03
1.500000e+01	1.600000e+01	2.568879e-01	9.984230e-03	9.984230e-03
1.600000e+01	1.700000e+01	2.417540e-01	9.685669e-03	9.685669e-03
1.700000e+01	1.800000e+01	2.650369e-01	1.014136e-02	1.014136e-02
1.800000e+01	1.900000e+01	2.013970e-01	8.840346e-03	8.840346e-03
1.900000e+01	2.000000e+01	6.480404e-02	5.014686e-03	5.014686e-03
2.000000e+01	2.100000e+01	4.270897e-03	1.614247e-03	1.614247e-03
2.100000e+01	2.200000e+01	2.196461e-02	3.660769e-03	3.660769e-03
2.200000e+01	2.300000e+01	7.138499e-02	6.599545e-03	6.599545e-03
2.300000e+01	2.400000e+01	1.891397e-01	1.074242e-02	1.074242e-02
2.400000e+01	2.500000e+01	2.348993e-01	1.197158e-02	1.197158e-02
2.500000e+01	2.600000e+01	2.641855e-01	1.269594e-02	1.269594e-02
2.600000e+01	2.700000e+01	2.318487e-01	1.189359e-02	1.189359e-02
2.700000e+01	2.800000e+01	2.690665e-01	1.281269e-02	1.281269e-02
2.800000e+01	2.900000e+01	2.135448e-01	1.141445e-02	1.141445e-02
2.900000e+01	3.000000e+01	4.820012e-02	5.422937e-03	5.422937e-03
3.000000e+01	3.100000e+01	0.000000e+00	0.000000e+00	0.000000e+00
3.100000e+01	3.200000e+01	2.801120e-02	5.114123e-03	5.114123e-03
3.200000e+01	3.300000e+01	9.897292e-02	9.613100e-03	9.613100e-03
3.300000e+01	3.400000e+01	1.914099e-01	1.336865e-02	1.336865e-02
3.400000e+01	3.500000e+01	1.951447e-01	1.349844e-02	1.349844e-02
3.500000e+01	3.600000e+01	2.483660e-01	1.522830e-02	1.522830e-02
3.600000e+01	3.700000e+01	2.763772e-01	1.606410e-02	1.606410e-02
3.700000e+01	3.800000e+01	2.801120e-01	1.617228e-02	1.617228e-02
3.800000e+01	3.900000e+01	2.203548e-01	1.434388e-02	1.434388e-02
3.900000e+01	4.000000e+01	6.816060e-02	7.977594e-03	7.977594e-03
4.000000e+01	4.100000e+01	1.408451e-03	1.408451e-03	1.408451e-03
4.100000e+01	4.200000e+01	2.957746e-02	6.454332e-03	6.454332e-03
4.200000e+01	4.300000e+01	1.211268e-01	1.306144e-02	1.306144e-02
4.300000e+01	4.400000e+01	1.788732e-01	1.587243e-02	1.587243e-02
4.400000e+01	4.500000e+01	2.352113e-01	1.820120e-02	1.820120e-02
4.500000e+01	4.600000e+01	2.760563e-01	1.971831e-02	1.971831e-02
4.600000e+01	4.700000e+01	2.408451e-01	1.841788e-02	1.841788e-02
4.700000e+01	4.800000e+01	2.478873e-01	1.868521e-02	1.868521e-02
4.800000e+01	4.900000e+01	2.183099e-01	1.753507e-02	1.753507e-02
4.900000e+01	5.000000e+01	4.647887e-02	8.090933e-03	8.090933e-03
5.000000e+01	5.100000e+01	6.396588e-03	3.693072e-03	3.693072e-03
5.100000e+01	5.200000e+01	3.624733e-02	8.791270e-03	8.791270e-03
5.200000e+01	5.300000e+01	1.428571e-01	1.745278e-02	1.745278e-02
5.300000e+01	5.400000e+01	2.515991e-01	2.316158e-02	2.316158e-02
5.400000e+01	5.500000e+01	2.601279e-01	2.355088e-02	2.355088e-02
5.500000e+01	5.600000e+01	2.302772e-01	2.215843e-02	2.215843e-02
5.600000e+01	5.700000e+01	2.537313e-01	2.325951e-02	2.325951e-02
5.700000e+01	5.800000e+01	2.558635e-01	2.335704e-02	2.335704e-02
5.800000e+01	5.900000e+01	2.494670e-01	2.306323e-02	2.306323e-02
5.900000e+01	6.000000e+01	7.036247e-02	1.224853e-02	1.224853e-02
6.000000e+01	6.100000e+01	2.673797e-03	2.673797e-03	2.673797e-03
6.100000e+01	6.200000e+01	5.347594e-02	1.195758e-02	1.195758e-02
6.200000e+01	6.300000e+01	1.176471e-01	1.773596e-02	1.773596e-02
6.300000e+01	6.400000e+01	1.711230e-01	2.139037e-02	2.139037e-02
6.400000e+01	6.500000e+01	2.700535e-01	2.687132e-02	2.687132e-02
6.500000e+01	6.600000e+01	2.326203e-01	2.493952e-02	2.493952e-02
6.600000e+01	6.700000e+01	2.352941e-01	2.508244e-02	2.508244e-02
6.700000e+01	6.800000e+01	2.620321e-01	2.646924e-02	2.646924e-02
6.800000e+01	6.900000e+01	1.256684e-01	1.833063e-02	1.833063e-02
6.900000e+01	7.000000e+01	3.743316e-02	1.000443e-02	1.000443e-02
7.000000e+01	7.100000e+01	8.733624e-03	6.175605e-03	6.175605e-03
7.100000e+01	7.200000e+01	3.930131e-02	1.310044e-02	1.310044e-02
7.200000e+01	7.300000e+01	1.484716e-01	2.546267e-02	2.546267e-02
7.300000e+01	7.400000e+01	2.052402e-01	2.993736e-02	2.993736e-02
7.400000e+01	7.500000e+01	2.314410e-01	3.179088e-02	3.179088e-02
7.500000e+01	7.600000e+01	2.445415e-01	3.267823e-02	3.267823e-02
7.600000e+01	7.700000e+01	2.620087e-01	3.382518e-02	3.382518e-02
7.700000e+01	7.800000e+01	2.620087e-01	3.382518e-02	3.382518e-02
7.800000e+01	7.900000e+01	2.314410e-01	3.179088e-02	3.179088e-02
7.900000e+01	8.000000e+01	5.240175e-02	1.512708e-02	1.512708e-02
8.000000e+01	8.100000e+01	1.620746e-02	5.125247e-03	5.125247e-03
8.100000e+01	8.200000e+01	6.158833e-02	9.990946e-03	9.990946e-03
8.200000e+01	8.300000e+01	1.588331e-01	1.604456e-02	1.604456e-02
8.300000e+01	8.400000e+01	2.447326e-01	1.991605e-02	1.991605e-02
8.400000e+01	8.500000e+01	2.139384e-01	1.862095e-02	1.862095e-02
8.500000e+01	8.600000e+01	2.674230e-01	2.081885e-02	2.081885e-02
8.600000e+01	8.700000e+01	2.706645e-01	2.094465e-02	2.094465e-02
8.700000e+01	8.800000e+01	2.479741e-01	2.004752e-02	2.004752e-02
8.800000e+01	8.900000e+01	2.301459e-01	1.931341e-02	1.931341e-02
8.900000e+01	9.000000e+01	5.024311e-02	9.023929e-03	9.023929e-03
# END HISTO1D


# BEGIN HISTO1D //Users/jenniferroloff/Work/tuningStudies/Lund_Plane_tune.yoda/SoftDropMass/d06-x01-y01
LineColor=lilac
LineStyle=solid
Path=//Users/jenniferroloff/Work/tuningStudies/Lund_Plane_tune.yoda/SoftDropMass/d06-x01-y01
Title=Lund
# xlow	 xhigh	 val	 errminus	 errplus
0.000000e+00	1.000000e+00	1.022756e-03	2.952443e-04	2.952443e-04
1.000000e+00	2.000000e+00	9.034348e-03	8.774934e-04	8.774934e-04
2.000000e+00	3.000000e+00	5.352425e-02	2.135850e-03	2.135850e-03
3.000000e+00	4.000000e+00	1.334697e-01	3.372770e-03	3.372770e-03
4.000000e+00	5.000000e+00	2.164834e-01	4.295442e-03	4.295442e-03
5.000000e+00	6.000000e+00	2.540697e-01	4.653416e-03	4.653416e-03
6.000000e+00	7.000000e+00	2.618256e-01	4.723909e-03	4.723909e-03
7.000000e+00	8.000000e+00	2.676212e-01	4.775906e-03	4.775906e-03
8.000000e+00	9.000000e+00	2.059149e-01	4.189280e-03	4.189280e-03
9.000000e+00	1.000000e+01	5.284241e-02	2.122202e-03	2.122202e-03
1.000000e+01	1.100000e+01	4.066143e-04	2.347589e-04	2.347589e-04
1.100000e+01	1.200000e+01	1.179181e-02	1.264215e-03	1.264215e-03
1.200000e+01	1.300000e+01	5.990783e-02	2.849525e-03	2.849525e-03
1.300000e+01	1.400000e+01	1.600705e-01	4.657859e-03	4.657859e-03
1.400000e+01	1.500000e+01	2.171320e-01	5.424911e-03	5.424911e-03
1.500000e+01	1.600000e+01	2.560314e-01	5.890841e-03	5.890841e-03
1.600000e+01	1.700000e+01	2.571157e-01	5.903302e-03	5.903302e-03
1.700000e+01	1.800000e+01	2.697208e-01	6.046275e-03	6.046275e-03
1.800000e+01	1.900000e+01	2.089997e-01	5.322351e-03	5.322351e-03
1.900000e+01	2.000000e+01	5.001355e-02	2.603602e-03	2.603602e-03
2.000000e+01	2.100000e+01	2.075981e-03	6.564828e-04	6.564828e-04
2.100000e+01	2.200000e+01	1.307868e-02	1.647759e-03	1.647759e-03
2.200000e+01	2.300000e+01	8.303924e-02	4.151962e-03	4.151962e-03
2.300000e+01	2.400000e+01	1.581897e-01	5.730610e-03	5.730610e-03
2.400000e+01	2.500000e+01	2.242059e-01	6.822369e-03	6.822369e-03
2.500000e+01	2.600000e+01	2.433050e-01	7.107014e-03	7.107014e-03
2.600000e+01	2.700000e+01	2.692547e-01	7.476414e-03	7.476414e-03
2.700000e+01	2.800000e+01	2.632344e-01	7.392358e-03	7.392358e-03
2.800000e+01	2.900000e+01	1.992942e-01	6.432192e-03	6.432192e-03
2.900000e+01	3.000000e+01	5.293751e-02	3.315076e-03	3.315076e-03
3.000000e+01	3.100000e+01	9.643202e-04	5.567505e-04	5.567505e-04
3.100000e+01	3.200000e+01	1.960784e-02	2.510527e-03	2.510527e-03
3.200000e+01	3.300000e+01	8.164577e-02	5.122911e-03	5.122911e-03
3.300000e+01	3.400000e+01	1.648987e-01	7.280457e-03	7.280457e-03
3.400000e+01	3.500000e+01	2.176149e-01	8.363621e-03	8.363621e-03
3.500000e+01	3.600000e+01	2.507232e-01	8.977332e-03	8.977332e-03
3.600000e+01	3.700000e+01	2.504018e-01	8.971576e-03	8.971576e-03
3.700000e+01	3.800000e+01	2.812600e-01	9.508325e-03	9.508325e-03
3.800000e+01	3.900000e+01	2.057216e-01	8.131861e-03	8.131861e-03
3.900000e+01	4.000000e+01	5.143041e-02	4.065930e-03	4.065930e-03
4.000000e+01	4.100000e+01	2.407318e-03	1.076585e-03	1.076585e-03
4.100000e+01	4.200000e+01	2.118440e-02	3.193669e-03	3.193669e-03
4.200000e+01	4.300000e+01	8.810785e-02	6.513120e-03	6.513120e-03
4.300000e+01	4.400000e+01	1.709196e-01	9.071470e-03	9.071470e-03
4.400000e+01	4.500000e+01	2.325469e-01	1.058125e-02	1.058125e-02
4.500000e+01	4.600000e+01	2.489167e-01	1.094734e-02	1.094734e-02
4.600000e+01	4.700000e+01	2.667309e-01	1.133231e-02	1.133231e-02
4.700000e+01	4.800000e+01	2.518055e-01	1.101069e-02	1.101069e-02
4.800000e+01	4.900000e+01	1.983630e-01	9.772645e-03	9.772645e-03
4.900000e+01	5.000000e+01	5.488686e-02	5.140625e-03	5.140625e-03
5.000000e+01	5.100000e+01	3.526093e-03	1.576917e-03	1.576917e-03
5.100000e+01	5.200000e+01	2.468265e-02	4.172130e-03	4.172130e-03
5.200000e+01	5.300000e+01	1.064880e-01	8.665872e-03	8.665872e-03
5.300000e+01	5.400000e+01	2.143865e-01	1.229591e-02	1.229591e-02
5.400000e+01	5.500000e+01	2.341326e-01	1.284970e-02	1.284970e-02
5.500000e+01	5.600000e+01	2.475317e-01	1.321227e-02	1.321227e-02
5.600000e+01	5.700000e+01	2.574048e-01	1.347318e-02	1.347318e-02
5.700000e+01	5.800000e+01	2.609309e-01	1.356515e-02	1.356515e-02
5.800000e+01	5.900000e+01	1.854725e-01	1.143673e-02	1.143673e-02
5.900000e+01	6.000000e+01	4.442877e-02	5.597499e-03	5.597499e-03
6.000000e+01	6.100000e+01	3.080082e-03	1.778286e-03	1.778286e-03
6.100000e+01	6.200000e+01	3.593429e-02	6.074004e-03	6.074004e-03
6.200000e+01	6.300000e+01	1.057495e-01	1.041981e-02	1.041981e-02
6.300000e+01	6.400000e+01	1.981520e-01	1.426329e-02	1.426329e-02
6.400000e+01	6.500000e+01	2.474333e-01	1.593858e-02	1.593858e-02
6.500000e+01	6.600000e+01	2.505133e-01	1.603747e-02	1.603747e-02
6.600000e+01	6.700000e+01	2.607803e-01	1.636281e-02	1.636281e-02
6.700000e+01	6.800000e+01	2.412731e-01	1.573892e-02	1.573892e-02
6.800000e+01	6.900000e+01	1.868583e-01	1.385086e-02	1.385086e-02
6.900000e+01	7.000000e+01	4.414784e-02	6.732483e-03	6.732483e-03
7.000000e+01	7.100000e+01	5.563282e-03	2.781641e-03	2.781641e-03
7.100000e+01	7.200000e+01	2.364395e-02	5.734500e-03	5.734500e-03
7.200000e+01	7.300000e+01	9.596662e-02	1.155303e-02	1.155303e-02
7.300000e+01	7.400000e+01	2.169680e-01	1.737134e-02	1.737134e-02
7.400000e+01	7.500000e+01	2.239221e-01	1.764754e-02	1.764754e-02
7.500000e+01	7.600000e+01	2.545202e-01	1.881467e-02	1.881467e-02
7.600000e+01	7.700000e+01	2.670376e-01	1.927177e-02	1.927177e-02
7.700000e+01	7.800000e+01	2.545202e-01	1.881467e-02	1.881467e-02
7.800000e+01	7.900000e+01	1.891516e-01	1.621961e-02	1.621961e-02
7.900000e+01	8.000000e+01	4.172462e-02	7.617838e-03	7.617838e-03
8.000000e+01	8.100000e+01	5.691520e-03	1.799817e-03	1.799817e-03
8.100000e+01	8.200000e+01	4.553216e-02	5.090650e-03	5.090650e-03
8.200000e+01	8.300000e+01	1.531019e-01	9.334786e-03	9.334786e-03
8.300000e+01	8.400000e+01	2.020489e-01	1.072365e-02	1.072365e-02
8.400000e+01	8.500000e+01	2.595333e-01	1.215376e-02	1.215376e-02
8.500000e+01	8.600000e+01	2.373364e-01	1.162241e-02	1.162241e-02
8.600000e+01	8.700000e+01	2.475811e-01	1.187061e-02	1.187061e-02
8.700000e+01	8.800000e+01	2.555492e-01	1.206011e-02	1.206011e-02
8.800000e+01	8.900000e+01	1.878201e-01	1.033916e-02	1.033916e-02
8.900000e+01	9.000000e+01	4.780876e-02	5.216364e-03	5.216364e-03
# END HISTO1D

